0.000000, 0.000000, 0.000000, 0.000000
0.000000, 0.000000, 0.000000, 0.000000
0.000000, 0.000000, 0.000000, -3.000000
0.000000, 0.000000, 0.000000, -3.000000
0.000000, 0.000000, 0.000000, 0.000000
0.000000, 0.000000, 0.000000, 3.000000
0.000000, 0.000000, 0.000000, 0.000000
0.000000, 0.000000, 0.000000, -6.000000
0.000000, 0.000000, 0.000000, 0.000000
0.000000, 0.000000, 0.000000, 0.000000
0.000000, 0.000000, 0.000000, 3.000000
0.000000, 0.000000, 0.000000, 0.000000
0.000000, 0.122000, 0.000000, -12.500000
0.000000, 0.247000, 0.115000, -80.500000
-0.000000, 0.220000, 0.688000, -71.000000
0.000000, 0.237000, 0.859000, -12.500000
-0.000000, 0.231000, 1.318000, -9.000000
-0.000000, 0.224000, 1.776000, -9.000000
-0.000000, 0.232000, 2.693000, -9.000000
-0.000000, 0.235000, 3.724000, -12.500000
0.002000, 0.260000, 5.672000, -9.500000
-0.002000, 0.227000, 7.620000, -18.500000
0.002000, 0.257000, 10.714000, 3.500000
-0.018000, 0.171000, 14.553000, -12.500000
-0.006000, 0.211000, 17.934000, -18.500000
-0.036000, 0.128000, 23.434000, -12.500000
-0.045000, 0.109000, 27.387000, -9.000000
-0.046000, 0.105000, 31.513000, -9.000000
-0.087000, 0.045000, 36.669000, -12.000000
-0.093000, 0.038000, 40.909000, -12.000000
-0.194000, -0.062000, 47.498000, -15.000000
-0.153000, -0.026000, 50.821000, -6.000000
-0.259000, -0.108000, 57.468000, -6.000000
-0.265000, -0.113000, 61.822000, -9.000000
-0.294000, -0.125000, 67.323000, -18.500000
-0.327000, -0.137000, 71.734000, 0.000000
-0.321000, -0.134000, 77.349000, -18.000000
-0.385000, -0.147000, 82.907000, -6.000000
-0.405000, -0.150000, 87.376000, -6.000000
-0.458000, -0.151000, 92.876000, -9.000000
-0.601000, -0.135000, 98.491000, -6.000000
-0.620000, -0.129000, 102.961000, -21.500000
-0.708000, -0.103000, 108.289000, -6.500000
-0.839000, -0.054000, 112.013000, -6.500000
-1.039000, 0.032000, 114.935000, -3.000000
-1.073000, 0.048000, 116.597000, 0.000000
-1.076000, 0.049000, 116.826000, -3.000000
-1.048000, 0.035000, 116.540000, 0.000000
-1.037000, 0.030000, 116.425000, 0.000000
-1.037000, 0.030000, 116.425000, 0.000000
-1.037000, 0.030000, 116.425000, -3.000000
-1.037000, 0.030000, 116.425000, 6.000000
-1.037000, 0.030000, 116.425000, 0.000000
-1.037000, 0.030000, 116.425000, 6.000000
-1.037000, 0.030000, 116.425000, -3.000000
-1.037000, 0.030000, 116.425000, 0.000000
-1.037000, 0.030000, 116.425000, -3.000000
-1.037000, 0.030000, 116.425000, 3.000000
-1.037000, 0.030000, 116.425000, 0.000000
-1.037000, 0.030000, 116.425000, -3.000000
-0.934000, -0.021000, 116.425000, 992.000000
-0.774000, -0.101000, 116.310000, 961.000000
-0.714000, -0.130000, 116.425000, 1059.500000
-0.656000, -0.159000, 116.425000, 1081.000000
-0.560000, -0.207000, 116.425000, 1146.000000
-0.463000, -0.255000, 116.425000, 1164.000000
-0.334000, -0.319000, 116.425000, 1269.000000
-0.218000, -0.377000, 116.425000, 1379.500000
-0.031000, -0.470000, 116.425000, 1441.500000
0.117000, -0.543000, 116.425000, 1444.500000
0.342000, -0.655000, 116.368000, 1573.500000
0.543000, -0.755000, 116.425000, 1601.500000
0.782000, -0.873000, 116.425000, 1610.500000
1.007000, -0.985000, 116.425000, 1614.000000
1.304000, -1.133000, 116.425000, 1623.500000
1.522000, -1.241000, 116.368000, 1626.500000
1.857000, -1.407000, 116.310000, 1629.500000
2.147000, -1.550000, 116.310000, 1638.500000
2.425000, -1.688000, 116.310000, 1635.500000
2.760000, -1.854000, 116.310000, 1638.500000
2.999000, -1.972000, 116.310000, 1641.500000
3.328000, -2.134000, 116.310000, 1635.500000
3.599000, -2.268000, 116.253000, 1644.500000
3.921000, -2.426000, 116.196000, 1638.500000
4.197000, -2.562000, 116.081000, 1638.500000
4.552000, -2.736000, 116.024000, 1635.500000
4.791000, -2.852000, 116.024000, 1638.500000
5.140000, -3.023000, 116.024000, 1632.500000
5.412000, -3.156000, 116.024000, 1632.500000
5.729000, -3.311000, 116.024000, 1641.500000
6.020000, -3.453000, 116.024000, 1632.500000
6.375000, -3.626000, 115.967000, 1641.500000
6.627000, -3.748000, 115.909000, 1641.500000
6.983000, -3.921000, 115.909000, 1632.500000
7.262000, -4.056000, 115.909000, 1632.500000
7.585000, -4.213000, 115.852000, 1641.500000
7.935000, -4.383000, 115.852000, 1641.500000
8.232000, -4.526000, 115.795000, 1638.500000
8.524000, -4.667000, 115.795000, 1638.500000
8.880000, -4.840000, 115.795000, 1641.500000
9.165000, -4.978000, 115.795000, 1641.500000
9.404000, -5.093000, 115.737000, 1989.500000
9.786000, -5.277000, 115.680000, 2273.000000
10.116000, -5.435000, 115.623000, 2328.000000
10.414000, -5.578000, 115.566000, 2322.000000
10.900000, -5.811000, 115.508000, 2340.500000
11.277000, -5.990000, 115.508000, 2340.500000
11.621000, -6.154000, 115.451000, 2128.500000
12.132000, -6.396000, 115.279000, 1697.000000
12.529000, -6.583000, 115.222000, 1152.000000
12.691000, -6.660000, 115.222000, 21.500000
12.868000, -6.743000, 115.279000, 9.000000
12.984000, -6.798000, 115.222000, 0.000000
12.997000, -6.804000, 115.222000, -3.000000
12.997000, -6.804000, 115.222000, -3.000000
12.992000, -6.802000, 115.279000, 0.000000
12.997000, -6.804000, 115.222000, 3.000000
12.997000, -6.804000, 115.222000, 0.000000
12.997000, -6.804000, 115.222000, 6.000000
12.997000, -6.804000, 115.222000, 3.000000
12.997000, -6.804000, 115.222000, 0.000000
12.997000, -6.804000, 115.222000, -3.000000
12.997000, -6.804000, 115.222000, 0.000000
12.997000, -6.804000, 115.222000, 0.000000
12.992000, -6.802000, 115.279000, -3.000000
12.997000, -6.804000, 115.222000, 0.000000
12.997000, -6.804000, 115.222000, 3.000000
13.003000, -6.807000, 115.165000, 3.000000
12.997000, -6.804000, 115.222000, -6.000000
12.981000, -6.796000, 115.394000, 0.000000
12.986000, -6.799000, 115.336000, -3.000000
12.986000, -6.799000, 115.336000, 0.000000
12.986000, -6.799000, 115.336000, -6.000000
12.981000, -6.796000, 115.394000, 3.000000
12.992000, -6.802000, 115.279000, 0.000000
12.986000, -6.799000, 115.336000, 3.000000
12.998000, -6.805000, 115.279000, 0.000000
12.986000, -6.799000, 115.336000, 0.000000
12.981000, -6.796000, 115.394000, 3.000000
12.992000, -6.802000, 115.279000, -3.000000
12.981000, -6.796000, 115.394000, 0.000000
12.981000, -6.796000, 115.394000, -6.000000
12.986000, -6.799000, 115.336000, -3.000000
12.981000, -6.796000, 115.394000, 3.000000
12.992000, -6.802000, 115.279000, 0.000000
12.992000, -6.802000, 115.279000, 6.000000
12.998000, -6.805000, 115.279000, -3.000000
12.981000, -6.796000, 115.394000, 0.000000
12.981000, -6.796000, 115.394000, -3.000000
12.986000, -6.799000, 115.336000, 0.000000
12.986000, -6.799000, 115.336000, 0.000000
12.986000, -6.799000, 115.336000, 3.000000
12.986000, -6.799000, 115.336000, 0.000000
12.986000, -6.799000, 115.336000, 3.000000
12.981000, -6.796000, 115.394000, 0.000000
12.981000, -6.796000, 115.394000, 0.000000
12.981000, -6.796000, 115.394000, 3.000000
12.981000, -6.796000, 115.394000, 0.000000
12.981000, -6.796000, 115.394000, 0.000000
12.981000, -6.796000, 115.394000, -3.000000
12.981000, -6.796000, 115.394000, -3.000000
12.981000, -6.796000, 115.394000, 3.000000
12.981000, -6.796000, 115.394000, -3.000000
12.981000, -6.796000, 115.394000, 0.000000
12.981000, -6.796000, 115.394000, 3.000000
12.981000, -6.796000, 115.394000, 0.000000
12.981000, -6.796000, 115.394000, 3.000000
12.981000, -6.796000, 115.394000, 0.000000
12.981000, -6.796000, 115.394000, -3.000000
12.981000, -6.796000, 115.394000, 0.000000
12.981000, -6.796000, 115.394000, 0.000000
12.981000, -6.796000, 115.394000, 0.000000
12.981000, -6.796000, 115.394000, 0.000000
12.981000, -6.796000, 115.394000, 0.000000
12.981000, -6.796000, 115.394000, 0.000000
12.981000, -6.796000, 115.394000, 0.000000
12.981000, -6.796000, 115.394000, 0.000000
12.981000, -6.796000, 115.394000, 3.000000
12.981000, -6.796000, 115.394000, -3.000000
12.981000, -6.796000, 115.394000, 0.000000
12.981000, -6.796000, 115.394000, 0.000000
12.968000, -6.790000, 115.394000, -875.000000
12.948000, -6.781000, 115.394000, -960.500000
12.903000, -6.760000, 115.451000, -1059.500000
12.857000, -6.738000, 115.394000, -1056.500000
12.818000, -6.719000, 115.394000, -1275.000000
12.772000, -6.698000, 115.394000, -1306.000000
12.695000, -6.661000, 115.451000, -1407.500000
12.630000, -6.630000, 115.451000, -1426.000000
12.521000, -6.578000, 115.508000, -1521.500000
12.417000, -6.528000, 115.508000, -1620.000000
12.275000, -6.460000, 115.566000, -1669.500000
12.125000, -6.389000, 115.566000, -1786.500000
11.891000, -6.277000, 115.508000, -1878.500000
11.702000, -6.187000, 115.508000, -1804.500000
11.441000, -6.062000, 115.451000, -1805.000000
11.200000, -5.948000, 115.394000, -1805.000000
10.920000, -5.815000, 115.394000, -1808.000000
10.680000, -5.701000, 115.451000, -1909.500000
10.325000, -5.531000, 115.566000, -1820.500000
10.104000, -5.426000, 115.566000, -1823.500000
9.740000, -5.252000, 115.566000, -1817.000000
9.500000, -5.137000, 115.566000, -1820.500000
9.156000, -4.972000, 115.566000, -1965.000000
8.794000, -4.798000, 115.680000, -1962.000000
8.516000, -4.665000, 115.737000, -1823.500000
8.173000, -4.499000, 115.795000, -1820.500000
7.908000, -4.371000, 115.852000, -1829.500000
7.527000, -4.186000, 115.909000, -1900.000000
7.294000, -4.073000, 115.909000, -1835.500000
6.925000, -3.893000, 115.909000, -1829.500000
6.640000, -3.755000, 115.909000, -1965.000000
6.297000, -3.588000, 115.967000, -1832.500000
6.006000, -3.447000, 115.967000, -1829.500000
5.624000, -3.261000, 115.967000, -1838.500000
5.379000, -3.141000, 116.024000, -1878.500000
4.985000, -2.949000, 116.081000, -1838.500000
4.701000, -2.809000, 116.081000, -1829.500000
4.359000, -2.642000, 116.139000, -1829.500000
4.069000, -2.499000, 116.196000, -1823.500000
3.701000, -2.318000, 116.196000, -1829.500000
3.359000, -2.150000, 116.196000, -1832.500000
3.068000, -2.007000, 116.196000, -1826.500000
2.745000, -1.848000, 116.196000, -1826.500000
2.475000, -1.715000, 116.253000, -1540.000000
2.339000, -1.648000, 116.253000, -9.000000
2.191000, -1.575000, 116.310000, -6.000000
2.096000, -1.527000, 116.368000, -3.000000
2.063000, -1.511000, 116.368000, 3.000000
2.069000, -1.514000, 116.310000, 0.000000
2.069000, -1.514000, 116.310000, -3.000000
2.069000, -1.514000, 116.310000, -3.000000
2.069000, -1.514000, 116.310000, -3.000000
2.069000, -1.514000, 116.310000, 6.000000
2.069000, -1.514000, 116.310000, -3.000000
2.069000, -1.514000, 116.310000, 0.000000
2.069000, -1.514000, 116.310000, -18.500000
1.940000, -1.450000, 116.310000, 21.500000
1.916000, -1.439000, 116.024000, 61.500000
1.923000, -1.442000, 115.165000, 107.500000
1.929000, -1.445000, 114.305000, 18.500000
1.926000, -1.443000, 112.300000, 77.000000
1.909000, -1.437000, 109.951000, 28.000000
1.972000, -1.456000, 106.112000, 31.000000
2.005000, -1.464000, 102.502000, 28.000000
2.115000, -1.479000, 96.601000, 28.000000
2.098000, -1.477000, 93.392000, 21.500000
2.270000, -1.477000, 86.803000, 21.500000
2.301000, -1.472000, 82.219000, 55.500000
2.417000, -1.449000, 76.318000, 24.500000
2.458000, -1.437000, 71.505000, 46.500000
2.505000, -1.418000, 65.432000, 24.500000
2.586000, -1.377000, 60.504000, 46.000000
2.663000, -1.329000, 54.259000, 18.500000
2.743000, -1.269000, 48.071000, 52.500000
2.787000, -1.229000, 43.029000, 49.000000
2.911000, -1.082000, 35.523000, 24.500000
2.962000, -0.998000, 30.539000, 46.000000
2.992000, -0.936000, 24.293000, 37.000000
3.008000, -0.900000, 19.251000, 52.500000
3.045000, -0.765000, 12.949000, 43.000000
3.051000, -0.729000, 7.792000, 34.000000
3.063000, -0.539000, 0.172000, 52.500000
3.056000, -0.376000, -3.438000, 3.000000
3.024000, -0.026000, -8.766000, 6.000000
3.016000, 0.019000, -10.313000, -6.000000
3.013000, 0.040000, -10.772000, 0.000000
3.018000, 0.009000, -10.485000, 0.000000
3.023000, -0.015000, -10.256000, 3.000000
3.024000, -0.021000, -10.199000, 0.000000
3.023000, -0.015000, -10.256000, -3.000000
3.024000, -0.021000, -10.199000, 3.000000
3.024000, -0.021000, -10.199000, 3.000000
3.024000, -0.021000, -10.199000, 3.000000
3.024000, -0.021000, -10.199000, -3.000000
3.024000, -0.021000, -10.199000, 0.000000
3.024000, -0.021000, -10.199000, 3.000000
3.024000, -0.021000, -10.199000, 0.000000
3.024000, -0.021000, -10.199000, 3.000000
3.024000, -0.021000, -10.199000, 3.000000
3.019000, 0.007000, -10.199000, 12.500000
3.017000, 0.017000, -10.027000, -6.000000
3.017000, 0.014000, -9.740000, -12.000000
3.019000, 0.006000, -9.397000, -24.500000
3.020000, -0.003000, -9.053000, -22.000000
3.023000, -0.017000, -8.652000, -15.500000
3.026000, -0.038000, -8.193000, -18.500000
3.026000, -0.039000, -7.792000, -15.500000
3.027000, -0.052000, -7.277000, -15.500000
3.027000, -0.052000, -6.818000, -15.500000
3.028000, -0.059000, -6.417000, -34.000000
3.029000, -0.063000, -6.188000, -9.000000
3.030000, -0.075000, -6.073000, -9.500000
3.029000, -0.068000, -6.073000, -12.500000
3.029000, -0.068000, -6.073000, -15.500000
3.030000, -0.074000, -6.016000, -9.500000
3.030000, -0.074000, -6.016000, -9.500000
3.031000, -0.080000, -5.959000, -15.500000
3.031000, -0.080000, -5.959000, -18.500000
3.031000, -0.087000, -5.901000, -18.500000
3.032000, -0.092000, -5.787000, -15.500000
3.031000, -0.084000, -5.730000, -15.500000
3.033000, -0.100000, -5.443000, -15.500000
3.032000, -0.095000, -5.099000, -9.500000
3.032000, -0.100000, -4.526000, -12.500000
3.034000, -0.117000, -3.839000, -9.500000
3.034000, -0.128000, -3.209000, -15.500000
3.035000, -0.144000, -2.406000, -18.500000
3.035000, -0.148000, -1.776000, -15.500000
3.036000, -0.173000, -1.146000, -18.500000
3.036000, -0.183000, -0.859000, 172.500000
3.036000, -0.202000, -0.688000, 0.000000
3.036000, -0.195000, -0.745000, 0.000000
3.036000, -0.195000, -0.745000, 0.000000
3.036000, -0.195000, -0.745000, -3.000000
3.036000, -0.195000, -0.745000, 3.000000
3.036000, -0.195000, -0.745000, -3.000000
3.036000, -0.195000, -0.745000, 3.000000
3.036000, -0.195000, -0.745000, -6.000000
3.036000, -0.195000, -0.745000, 0.000000
3.036000, -0.195000, -0.745000, 6.000000
3.036000, -0.195000, -0.745000, 0.000000
3.036000, -0.195000, -0.745000, 0.000000
3.036000, -0.195000, -0.745000, 0.000000
3.036000, -0.195000, -0.745000, 6.000000
3.036000, -0.195000, -0.745000, -3.000000
3.036000, -0.195000, -0.745000, 0.000000
3.036000, -0.195000, -0.745000, -3.000000
3.036000, -0.195000, -0.745000, 3.000000
3.036000, -0.195000, -0.745000, 0.000000
3.036000, -0.195000, -0.745000, -3.000000
3.036000, -0.195000, -0.745000, -3.000000
3.036000, -0.195000, -0.745000, 0.000000
3.036000, -0.195000, -0.745000, 0
endData0, 0, 0.000000, 0, STOPPED, -1, 0
endData