0.000000, -0.000000, -0.000000, 3.000000
-0.000000, 0.006000, -0.057000, -3.000000
-0.000000, -0.006000, 0.057000, 6.000000
-0.000000, -0.006000, 0.057000, 3.000000
-0.000000, -0.006000, 0.057000, 3.000000
-0.000000, -0.006000, 0.057000, 0.000000
0.000000, -0.000000, -0.000000, 0.000000
-0.000000, -0.006000, 0.057000, 0.000000
-0.000000, -0.006000, 0.057000, 3.000000
-0.000000, 0.006000, -0.057000, 3.000000
-0.000000, -0.006000, 0.057000, -3.000000
0.000000, -0.000000, -0.000000, -3.000000
-0.000000, 0.006000, -0.057000, 0.000000
-0.000000, -0.006000, 0.057000, 0.000000
-0.000000, -0.006000, 0.057000, 3.000000
0.000000, -0.000000, -0.000000, -3.000000
-0.000000, -0.006000, 0.057000, -3.000000
-0.000000, -0.006000, 0.057000, -3.000000
0.000000, -0.000000, -0.000000, 0.000000
0.000000, -0.000000, -0.000000, -3.000000
-0.000000, -0.006000, 0.057000, -3.000000
0.000000, -0.000000, -0.000000, 3.000000
0.000000, -0.000000, -0.000000, 0.000000
0.000000, -0.000000, -0.000000, 0.000000
0.000000, -0.000000, -0.000000, 0.000000
-0.000000, -0.006000, 0.057000, -3.000000
0.000000, -0.000000, -0.000000, 0.000000
0.000000, -0.000000, -0.000000, 0.000000
0.000000, -0.000000, -0.000000, -3.000000
-0.000000, -0.006000, 0.057000, 3.000000
-0.000000, -0.006000, 0.057000, 3.000000
-0.000000, -0.006000, 0.057000, 0.000000
0.000000, -0.000000, -0.000000, 0.000000
-0.000000, -0.006000, 0.057000, 0.000000
-0.000000, -0.006000, 0.057000, 3.000000
-0.000000, 0.006000, -0.057000, 3.000000
-0.000000, -0.006000, 0.057000, -3.000000
0.000000, -0.000000, -0.000000, -3.000000
-0.000000, 0.006000, -0.057000, 0.000000
-0.000000, -0.006000, 0.057000, 0.000000
-0.000000, -0.006000, 0.057000, 3.000000
-0.000000, -0.006000, 0.057000, 3.000000
-0.000000, -0.006000, 0.057000, 0.000000
0.000000, -0.000000, -0.000000, 0.000000
-0.000000, -0.006000, 0.057000, 0.000000
-0.000000, -0.006000, 0.057000, 3.000000
-0.000000, 0.006000, -0.057000, 3.000000
-0.000000, -0.006000, 0.057000, -3.000000
0.000000, -0.000000, -0.000000, -3.000000
-0.000000, 0.006000, -0.057000, 0.000000
-0.000000, -0.006000, 0.057000, 0.000000
0.000000, 0.007000, -0.000000, -681.000000
0.000000, 0.173000, -0.000000, -1041.000000
0.000000, 0.210000, 0.057000, -1062.500000
0.000000, 0.274000, -0.000000, -1207.500000
0.000000, 0.331000, -0.000000, -1207.000000
0.000000, 0.389000, -0.000000, -1262.500000
0.000000, 0.416000, -0.115000, -1278.500000
-0.001000, 0.530000, -0.630000, -1417.000000
-0.001000, 0.564000, -0.745000, -1389.000000
-0.004000, 0.691000, -1.318000, -1503.000000
-0.008000, 0.832000, -1.948000, -1527.500000
-0.015000, 1.017000, -2.922000, -1533.500000
-0.026000, 1.197000, -3.782000, -1706.000000
-0.050000, 1.504000, -5.157000, -1863.500000
-0.070000, 1.713000, -5.959000, -1903.500000
-0.115000, 2.086000, -7.620000, -2097.500000
-0.161000, 2.408000, -8.824000, -2193.000000
-0.227000, 2.802000, -10.371000, -2205.000000
-0.326000, 3.299000, -11.918000, -2100.500000
-0.400000, 3.636000, -12.834000, -2091.000000
-0.518000, 4.138000, -13.465000, -2103.500000
-0.617000, 4.546000, -13.751000, -2103.500000
-0.728000, 4.998000, -13.866000, -2088.500000
-0.820000, 5.370000, -13.808000, -2110.000000
-0.945000, 5.880000, -13.808000, -2100.500000
-1.029000, 6.223000, -13.808000, -2217.500000
-1.146000, 6.692000, -14.152000, -2143.500000
-1.253000, 7.111000, -14.553000, -2180.500000
-1.368000, 7.546000, -15.241000, -2239.500000
-1.473000, 7.921000, -16.042999, -2242.000000
-1.635000, 8.462000, -17.188999, -2131.500000
-1.757000, 8.843000, -18.219999, -2261.000000
-1.961000, 9.437000, -19.823999, -2239.500000
-2.120000, 9.864000, -21.028000, -2251.500000
-2.335000, 10.403000, -22.517000, -2159.000000
-2.554000, 10.916000, -23.606001, -2159.000000
-2.876000, 11.634000, -24.752001, -2113.000000
-3.071000, 12.054000, -25.096001, -2115.500000
-3.257000, 12.448000, -25.267000, -2116.000000
-3.472000, 12.902000, -25.382000, -2116.000000
-3.660000, 13.298000, -25.438999, -2107.000000
-3.842000, 13.683000, -25.382000, -2110.000000
-4.049000, 14.118000, -25.382000, -2103.500000
-4.222000, 14.483000, -25.382000, -2103.500000
-4.466000, 14.995000, -25.438999, -2103.500000
-4.617000, 15.313000, -25.497000, -2110.000000
-4.859000, 15.819000, -25.554001, -2100.500000
-5.023000, 16.164000, -25.497000, -2103.500000
-5.231000, 16.600000, -25.497000, -2110.000000
-5.427000, 17.010000, -25.438999, -2230.000000
-5.670000, 17.527000, -24.809000, -2217.500000
-5.857000, 17.938999, -24.063999, -2245.500000
-6.060000, 18.406000, -22.861000, -2242.000000
-6.239000, 18.843000, -21.715000, -2245.500000
-6.436000, 19.358000, -20.167999, -500.000000
-6.564000, 19.716999, -18.908001, -500.000000
-6.736000, 20.243999, -17.131001, -500.000000
-6.844000, 20.614000, -15.584000, -500.000000
-6.957000, 21.037001, -14.381000, -500.000000
-7.065000, 21.465000, -13.808000, -500.000000
-7.184000, 21.961000, -13.407000, -500.000000
-7.260000, 22.278999, -13.293000, -500.000000
-7.367000, 22.735001, -13.235000, -500.000000
-7.442000, 23.052999, -13.063000, -500.000000
-7.518000, 23.386999, -12.834000, -500.000000
-7.577000, 23.648001, -12.720000, -500.000000
-7.613000, 23.806999, -12.490000, -9.000000
-7.617000, 23.823999, -12.261000, -12.000000
-7.637000, 23.916000, -12.261000, -3.000000
-7.640000, 23.930000, -12.261000, -3.000000
-7.640000, 23.930000, -12.261000, 6.000000
-7.641000, 23.936001, -12.319000, 3.000000
-7.640000, 23.930000, -12.261000, -3.000000
-7.638000, 23.924000, -12.204000, 0.000000
-7.640000, 23.930000, -12.261000, 0.000000
-7.641000, 23.936001, -12.319000, 3.000000
-7.640000, 23.930000, -12.261000, -3.000000
-7.640000, 23.930000, -12.261000, 0.000000
-7.640000, 23.930000, -12.261000, 0.000000
-7.637000, 23.917999, -12.147000, 3.000000
-7.640000, 23.930000, -12.261000, 3.000000
-7.640000, 23.930000, -12.261000, -6.000000
-7.640000, 23.930000, -12.261000, -6.000000
-7.638000, 23.924000, -12.204000, 0.000000
-7.638000, 23.924000, -12.204000, 0.000000
-7.638000, 23.924000, -12.204000, 3.000000
-7.638000, 23.924000, -12.204000, -6.000000
-7.638000, 23.924000, -12.204000, 0.000000
-7.638000, 23.924000, -12.204000, 0.000000
-7.638000, 23.924000, -12.204000, 0.000000
-7.638000, 23.924000, -12.204000, 0.000000
-7.611000, 23.796000, -12.261000, 0.000000
-7.610000, 23.792999, -12.433000, -12.500000
-7.613000, 23.806000, -12.548000, -9.000000
-7.613000, 23.806000, -12.548000, -9.000000
-7.613000, 23.806000, -12.548000, -12.500000
-7.613000, 23.806000, -12.548000, -9.000000
-7.610000, 23.792000, -12.548000, -18.500000
-7.610000, 23.792000, -12.548000, -18.500000
-7.611000, 23.796000, -12.720000, -9.000000
-7.613000, 23.808001, -12.834000, -3.000000
-7.613000, 23.806000, -12.949000, -6.000000
-7.611000, 23.798000, -13.006000, -9.000000
-7.614000, 23.809999, -13.121000, -6.000000
-7.615000, 23.816999, -13.178000, -6.000000
-7.617000, 23.823000, -13.235000, -6.500000
-7.615000, 23.816000, -13.235000, -12.500000
-7.614000, 23.809000, -13.235000, -9.500000
-7.615000, 23.815001, -13.293000, 9.500000
-7.612000, 23.801001, -13.293000, -12.000000
-7.611000, 23.797001, -13.522000, -12.500000
-7.613000, 23.806999, -13.751000, -9.500000
-7.617000, 23.823000, -14.095000, -12.500000
-7.621000, 23.837999, -14.439000, -18.500000
-7.626000, 23.855000, -15.126000, -15.500000
-7.627000, 23.861000, -15.584000, -52.500000
-7.640000, 23.903999, -16.844999, -12.500000
-7.644000, 23.917999, -18.105000, -18.500000
-7.663000, 23.969999, -19.996000, -21.500000
-7.665000, 23.976999, -21.715000, -15.500000
-7.692000, 24.041000, -24.063999, -12.000000
-7.704000, 24.065001, -26.757000, -15.000000
-7.713000, 24.083000, -29.049000, -15.500000
-7.750000, 24.146000, -32.028000, -18.500000
-7.766000, 24.172001, -34.492001, -18.500000
-7.826000, 24.253000, -38.445000, -3.000000
-7.823000, 24.250000, -40.394001, 30.500000
-7.875000, 24.308001, -44.403999, -15.500000
-7.894000, 24.326000, -47.153999, 30.500000
-7.944000, 24.370001, -50.535000, 37.000000
-7.959000, 24.381001, -53.341999, 33.500000
-7.993000, 24.405001, -56.895000, 37.000000
-8.027000, 24.426001, -59.702000, 27.500000
-8.123000, 24.478001, -63.942001, -15.000000
-8.154000, 24.492001, -66.692001, 43.000000
-8.198000, 24.507999, -69.958000, 37.000000
-8.207000, 24.511000, -72.421997, 43.000000
-8.229000, 24.518000, -75.401001, 49.500000
-8.255000, 24.524000, -77.693001, 30.500000
-8.280000, 24.528999, -80.500999, 40.000000
-8.335000, 24.537001, -83.193001, 6.000000
-8.306000, 24.535000, -85.371002, 46.500000
-8.378000, 24.539000, -88.005997, 43.000000
-8.358000, 24.538000, -90.527000, 46.000000
-8.396000, 24.537001, -92.532997, 37.000000
-8.376000, 24.539000, -95.054001, -12.500000
-8.394000, 24.537001, -97.001999, -15.500000
-8.419000, 24.534000, -99.407997, -12.500000
-8.422000, 24.533001, -101.815002, -9.500000
-8.455000, 24.525999, -103.705002, -15.500000
-8.494000, 24.514999, -106.456001, -9.500000
-8.506000, 24.511999, -108.346001, -12.500000
-8.523000, 24.504999, -110.695000, -9.500000
-8.548000, 24.496000, -112.585999, -9.500000
-8.565000, 24.488001, -114.934998, -15.500000
-8.589000, 24.476000, -116.768997, -15.500000
-8.594000, 24.474001, -119.060997, -12.000000
-8.591000, 24.476000, -121.009003, -15.500000
-8.623000, 24.455999, -123.529999, 40.000000
-8.682000, 24.415001, -126.108002, 0.000000
-8.677000, 24.419001, -128.686005, -6.000000
-8.701000, 24.399000, -130.692001, 49.500000
-8.696000, 24.403000, -133.270004, -15.500000
-8.696000, 24.400999, -135.791000, -6.500000
-8.713000, 24.384001, -137.796005, -12.500000
-8.720000, 24.377001, -140.259995, 18.500000
-8.752000, 24.336000, -142.781006, 3.000000
-8.772000, 24.308001, -145.473999, -15.500000
-8.787000, 24.285000, -147.709000, 46.500000
-8.798000, 24.266001, -149.886002, 46.000000
-8.811000, 24.242001, -152.578995, 40.000000
-8.814000, 24.237000, -154.813004, 43.000000
-8.811000, 24.243000, -156.990005, 3.000000
-8.824000, 24.211000, -159.682999, 37.000000
-8.827000, 24.202999, -161.746002, -3.000000
-8.838000, 24.167000, -164.725006, -12.500000
-8.835000, 24.177000, -166.214996, -31.000000
-8.843000, 24.143999, -169.365997, -12.500000
-8.846000, 24.129000, -171.485992, 15.500000
-8.848000, 24.108999, -174.179001, 21.500000
-8.849000, 24.094999, -176.356003, -3.500000
-8.848000, 24.112000, -179.164001, 24.500000
-8.848000, 24.070000, -181.397995, 30.500000
-8.849000, 24.087000, -184.149002, 43.000000
-8.841000, 24.010000, -186.841995, 3.000000
-8.836000, 23.976999, -189.190994, -6.500000
-8.833000, 23.957001, -190.565994, -6.000000
-8.836000, 23.976000, -191.768997, 0.000000
-8.834000, 23.966000, -192.399002, -9.000000
-8.835000, 23.971001, -192.742996, -9.000000
-8.834000, 23.966000, -192.858002, -9.500000
-8.836000, 23.972000, -192.800003, -12.500000
-8.836000, 23.972000, -192.800003, -18.500000
-8.835000, 23.971001, -192.742996, 0.000000
-8.834000, 23.964001, -192.742996, 0.000000
-8.834000, 23.964001, -192.742996, -3.000000
-8.834000, 23.964001, -192.742996, -3.000000
-8.834000, 23.964001, -192.742996, -3.000000
-8.834000, 23.964001, -192.742996, 293.000000
-8.835000, 23.971001, -192.742996, 918.000000
-8.837000, 23.978001, -192.742996, 927.000000
-8.852000, 24.047001, -192.628006, 936.500000
-8.862000, 24.089001, -192.628006, 936.500000
-8.870000, 24.124001, -192.628006, 939.500000
-8.881000, 24.173000, -192.628006, 942.500000
-8.893000, 24.229000, -192.628006, 930.000000
-8.895000, 24.236000, -192.628006, 927.000000
-8.909000, 24.299000, -192.570999, 933.500000
-8.920000, 24.348000, -192.570999, 936.500000
-8.928000, 24.382999, -192.570999, 939.000000
-8.938000, 24.431000, -192.514008, 936.500000
-8.949000, 24.480000, -192.514008, 939.500000
-8.955000, 24.507999, -192.514008, 939.500000
-8.966000, 24.558001, -192.514008, 930.000000
-8.980000, 24.621000, -192.514008, 936.500000
-8.990000, 24.663000, -192.514008, 939.500000
-9.004000, 24.726000, -192.514008, 1025.500000
-9.018000, 24.790001, -192.514008, 1031.500000
-9.030000, 24.846001, -192.514008, 1044.000000
-9.050000, 24.936001, -192.457001, 1028.500000
-9.069000, 25.021000, -192.457001, 1047.500000
-9.087000, 25.104000, -192.399002, 1047.500000
-9.112000, 25.216999, -192.399002, 1053.500000
-9.135000, 25.320999, -192.341995, 1041.500000
-9.158000, 25.427000, -192.341995, 1041.000000
-9.183000, 25.538000, -192.285004, 1062.500000
-9.213000, 25.677999, -192.227005, 1056.500000
-9.234000, 25.775999, -192.169998, 1056.500000
-9.266000, 25.922001, -192.113007, 1059.500000
-9.288000, 26.028000, -192.113007, 1050.500000
-9.314000, 26.148001, -192.113007, 1050.500000
-9.332000, 26.233000, -192.169998, 1053.500000
-9.360000, 26.360001, -192.169998, 1047.000000
-9.378000, 26.444000, -192.169998, 1050.500000
-9.408000, 26.584000, -192.113007, 1062.500000
-9.432000, 26.697001, -192.113007, 1053.500000
-9.457000, 26.809999, -192.169998, 1047.000000
-9.478000, 26.909000, -192.169998, 1059.500000
-9.511000, 27.063999, -192.169998, 1056.500000
-9.534000, 27.169001, -192.169998, 1044.500000
-9.557000, 27.275000, -192.169998, 1053.500000
-9.584000, 27.400999, -192.169998, 1056.500000
-9.607000, 27.507999, -192.227005, 1044.500000
-9.638000, 27.649000, -192.227005, 1056.500000
-9.656000, 27.733000, -192.227005, 1059.500000
-9.691000, 27.893999, -192.169998, 1053.500000
-9.707000, 27.971001, -192.169998, 1225.500000
-9.720000, 28.031000, -191.940994, 1183.000000
-9.735000, 28.101000, -191.483002, 1201.000000
-9.760000, 28.231001, -190.794998, 1244.500000
-9.790000, 28.391001, -190.164993, 1219.500000
-9.825000, 28.598000, -189.363007, 1198.000000
-9.852000, 28.764999, -188.731995, 1238.500000
-9.882000, 28.973000, -187.929993, 1213.500000
-9.912000, 29.200001, -187.013000, 1210.000000
-9.930000, 29.355000, -186.382996, 1222.500000
-9.952000, 29.559000, -185.753006, 1241.500000
-9.969000, 29.730000, -185.237000, 1232.000000
-9.986000, 29.927999, -184.664001, 1133.500000
-10.000000, 30.108999, -184.320999, 1186.000000
-10.023000, 30.420000, -184.033997, 1232.000000
-10.035000, 30.603001, -183.804993, 1078.000000
-10.045000, 30.750999, -183.632996, 1210.500000
-10.049000, 30.818001, -183.347000, 1195.000000
-10.064000, 31.080999, -183.117004, 1229.000000
-10.073000, 31.257999, -183.003006, 1229.000000
-10.084000, 31.464001, -182.830994, 1259.500000
-10.089000, 31.577000, -182.716003, 1207.500000
-10.097000, 31.750999, -182.371994, 1247.000000
-10.107000, 32.009998, -181.914001, 1189.000000
-10.112000, 32.176998, -181.570007, 1210.500000
-10.116000, 32.348000, -181.054993, 1253.500000
-10.118000, 32.534000, -180.539001, 1198.500000
-10.119000, 32.789001, -179.850998, 1235.500000
-10.118000, 32.925999, -179.393005, 1189.000000
-10.115000, 33.141998, -178.992004, 1213.500000
-10.112000, 33.296001, -178.705994, 1247.500000
-10.105000, 33.551998, -178.132996, 1247.500000
-10.098000, 33.723000, -177.559998, 1192.000000
-10.091000, 33.873001, -177.044006, 1244.500000
-10.077000, 34.126999, -176.356003, 1247.500000
-10.066000, 34.285999, -175.955002, 1164.000000
-10.046000, 34.553001, -175.612000, 1229.000000
-10.039000, 34.650002, -175.440002, 1213.500000
-10.025000, 34.810001, -175.095993, 1247.500000
-10.008000, 35.004002, -174.695007, 1263.000000
-9.994000, 35.148998, -174.350998, 1173.500000
-9.971000, 35.382000, -174.179001, 1247.500000
-9.958000, 35.507000, -173.949997, 1186.000000
-9.950000, 35.574001, -173.664001, 1179.500000
-9.931000, 35.747002, -173.261993, 1210.500000
-9.908000, 35.933998, -172.919006, 1204.000000
-9.895000, 36.034000, -172.518005, 1182.500000
-9.885000, 36.106998, -172.173996, 1244.500000
-9.859000, 36.290001, -171.600998, 1216.500000
-9.836000, 36.444000, -170.970993, 1232.000000
-9.799000, 36.667999, -170.339996, 1182.500000
-9.766000, 36.859001, -169.882004, 1232.000000
-9.743000, 36.985001, -169.365997, 1176.500000
-9.722000, 37.091999, -168.964996, 1244.500000
-9.665000, 37.380001, -168.449997, 1232.000000
-9.634000, 37.528999, -168.106003, 1222.500000
-9.596000, 37.707001, -167.761993, 1260.000000
-9.578000, 37.787998, -167.589996, 1266.000000
-9.534000, 37.985001, -167.132004, 1281.500000
-9.506000, 38.105000, -166.787994, 1269.000000
-9.472000, 38.243999, -166.272003, 1343.000000
-9.410000, 38.495998, -165.871002, 1315.500000
-9.358000, 38.699001, -165.470001, 1272.500000
-9.325000, 38.823002, -164.955002, 1263.000000
-9.289000, 38.955002, -164.496002, 1284.000000
-9.220000, 39.198002, -163.694000, 1290.500000
-9.181000, 39.328999, -163.235992, 1287.500000
-9.100000, 39.588001, -162.261993, 1293.500000
-9.005000, 39.881001, -161.746002, 1331.000000
-8.919000, 40.139999, -161.229996, 1256.500000
-8.888000, 40.229000, -160.828995, 1266.000000
-8.841000, 40.362999, -160.313995, 1269.000000
-8.796000, 40.486000, -159.970001, 1287.500000
-8.705000, 40.730999, -159.225006, 1303.000000
-8.594000, 41.020000, -158.766998, 1299.500000
-8.523000, 41.200001, -158.307999, 1281.000000
-8.467000, 41.341999, -157.964005, 1259.500000
-8.399000, 41.507000, -157.449005, 1287.500000
-8.337000, 41.655998, -157.162003, 1272.000000
-8.263000, 41.828999, -156.761002, 1303.000000
-8.171000, 42.039001, -156.302994, 1318.500000
-8.028000, 42.365002, -156.074005, 1306.000000
-7.967000, 42.502998, -156.016006, 1293.500000
-7.887000, 42.681000, -156.074005, 1293.500000
-7.826000, 42.819000, -156.074005, 1287.500000
-7.764000, 42.957001, -156.074005, 1293.500000
-7.686000, 43.133999, -156.016006, 1290.500000
-7.633000, 43.252998, -156.016006, 1281.500000
-7.551000, 43.437000, -156.016006, 1309.000000
-7.487000, 43.582001, -156.016006, 1475.000000
-7.444000, 43.678001, -155.901993, 1380.000000
-7.413000, 43.745998, -155.615005, 1377.000000
-7.345000, 43.896000, -155.100006, 1404.500000
-7.269000, 44.056000, -154.526993, 1395.000000
-7.171000, 44.258999, -153.781998, 1404.500000
-7.046000, 44.507999, -152.751007, 1395.500000
-6.980000, 44.633999, -152.235001, 1389.500000
-6.856000, 44.863998, -151.089005, 1413.500000
-6.760000, 45.035999, -150.343994, 1404.500000
-6.641000, 45.240002, -149.369995, 1395.500000
-6.544000, 45.402000, -148.625000, 1401.500000
-6.411000, 45.615002, -147.709000, 1398.500000
-6.316000, 45.763000, -147.020996, 1389.000000
-6.183000, 45.965000, -145.990005, 1407.500000
-6.063000, 46.140999, -145.358994, 1395.500000
-5.926000, 46.337002, -144.615005, 1379.500000
-5.810000, 46.498001, -143.983994, 1373.500000
-5.648000, 46.717999, -143.067993, 1401.500000
-5.530000, 46.872002, -142.207993, 1355.000000
-5.362000, 47.084999, -141.177002, 1355.500000
-5.220000, 47.257999, -140.317001, 1167.500000
-5.056000, 47.452000, -139.171005, 1106.000000
-4.916000, 47.611000, -138.026001, 1007.500000
-4.773000, 47.765999, -136.880005, 918.000000
-4.529000, 48.016998, -134.531006, 671.500000
-4.421000, 48.123001, -134.531006, 933.000000
-4.370000, 48.174000, -134.531006, 992.000000
-4.344000, 48.199001, -134.587997, 1004.000000
-4.328000, 48.215000, -134.587997, 1050.000000
-4.299000, 48.243000, -134.416000, 1065.500000
-4.267000, 48.273998, -134.072006, 1118.000000
-4.249000, 48.291000, -133.843002, 1183.000000
-4.222000, 48.318001, -133.556000, 1130.500000
-4.198000, 48.341000, -133.384995, 1253.500000
-4.143000, 48.391998, -133.098007, 1253.500000
-4.084000, 48.446999, -132.811996, 1290.500000
-3.983000, 48.540001, -132.352997, 1272.000000
-3.879000, 48.633999, -131.723007, 1260.000000
-3.788000, 48.714001, -131.207001, 1278.000000
-3.667000, 48.819000, -130.462006, 1346.000000
-3.533000, 48.931000, -129.660004, 1330.500000
-3.436000, 49.009998, -128.973007, 1333.500000
-3.278000, 49.137001, -128.171005, 1263.000000
-3.029000, 49.330002, -127.654999, 1281.000000
-2.896000, 49.432999, -127.369003, 1250.500000
-2.770000, 49.528999, -127.369003, 1343.000000
-2.683000, 49.595001, -127.426003, 1349.000000
-2.557000, 49.691002, -127.426003, 1349.000000
-2.455000, 49.769001, -127.369003, 1503.000000
-2.312000, 49.879002, -127.426003, 1657.000000
-2.157000, 49.998001, -127.483002, 1645.000000
-2.031000, 50.095001, -127.483002, 1651.000000
-1.911000, 50.187000, -127.483002, 1642.000000
-1.722000, 50.331001, -127.483002, 1645.000000
-1.568000, 50.450001, -127.483002, 1648.000000
-1.414000, 50.568001, -127.483002, 1644.500000
-1.255000, 50.688999, -127.369003, 1706.500000
-1.112000, 50.798000, -126.967003, 1691.000000
-0.952000, 50.917000, -126.393997, 1712.500000
-0.724000, 51.082001, -125.535004, 1718.500000
-0.474000, 51.258999, -124.904999, 1654.000000
-0.196000, 51.451000, -124.445999, 1650.500000
-0.031000, 51.563999, -124.332001, 1654.000000
0.207000, 51.726002, -124.332001, 1737.000000
0.416000, 51.868999, -124.389000, 1660.000000
0.612000, 52.004002, -124.445999, 1663.000000
0.856000, 52.171001, -124.445999, 1660.000000
1.027000, 52.287998, -124.389000, 1675.500000
1.277000, 52.459000, -124.389000, 1657.000000
1.455000, 52.581001, -124.389000, 1660.000000
1.693000, 52.743999, -124.389000, 1657.000000
1.871000, 52.866001, -124.389000, 1654.000000
2.110000, 53.029999, -124.503998, 1660.000000
2.252000, 53.126999, -124.503998, 1660.000000
2.507000, 53.301998, -124.445999, 1657.000000
2.685000, 53.424000, -124.445999, 1660.000000
2.905000, 53.575001, -124.445999, 1657.000000
3.089000, 53.702000, -124.503998, 1657.000000
3.327000, 53.866001, -124.560997, 1654.000000
3.493000, 53.980000, -124.560997, 1660.000000
3.737000, 54.146999, -124.560997, 1654.000000
3.938000, 54.285999, -124.560997, 1848.000000
4.146000, 54.429001, -124.560997, 1891.000000
4.377000, 54.588001, -124.560997, 2122.000000
4.655000, 54.779999, -124.560997, 2125.000000
7.275000, 56.582001, -124.847000, -3.000000
7.275000, 56.582001, -124.847000, -3.000000
7.275000, 56.582001, -124.847000, 0.000000
7.275000, 56.582001, -124.847000, -3.000000
7.275000, 56.582001, -124.847000, 0.000000
7.275000, 56.582001, -124.847000, 3.000000
7.275000, 56.582001, -124.847000, 3.000000
7.275000, 56.582001, -124.847000, -3.000000
7.275000, 56.582001, -124.847000, -3.000000
7.275000, 56.582001, -124.847000, 0.000000
7.275000, 56.582001, -124.847000, 3.000000
7.275000, 56.582001, -124.847000, 0.000000
7.275000, 56.582001, -124.847000, -3.000000
7.275000, 56.582001, -124.847000, 6.000000
7.275000, 56.582001, -124.847000, 0.000000
7.275000, 56.582001, -124.847000, -3.000000
7.275000, 56.582001, -124.847000, 0.000000
7.275000, 56.582001, -124.847000, 0.000000
7.275000, 56.582001, -124.847000, 0.000000
7.275000, 56.582001, -124.847000, -3.000000
7.270000, 56.578999, -124.904999, -585.500000
7.158000, 56.500999, -124.904999, -982.500000
7.069000, 56.438999, -124.904999, -1068.500000
7.033000, 56.414001, -124.847000, -1056.500000
6.998000, 56.389000, -124.847000, -1056.500000
6.956000, 56.360001, -124.847000, -1136.500000
6.927000, 56.340000, -124.847000, -1112.000000
6.891000, 56.314999, -124.847000, -1201.000000
6.868000, 56.298000, -124.847000, -1056.500000
6.850000, 56.285999, -124.847000, -1050.500000
6.820000, 56.264999, -124.847000, -1201.000000
6.779000, 56.237000, -124.847000, -1192.000000
6.732000, 56.203999, -124.847000, -1198.000000
6.685000, 56.171001, -124.847000, -1066.000000
6.631000, 56.133999, -124.847000, -1066.000000
6.578000, 56.097000, -124.847000, -1062.500000
6.531000, 56.063999, -124.847000, -1182.500000
6.466000, 56.019001, -124.847000, -1066.000000
6.407000, 55.978001, -124.847000, -1078.000000
6.343000, 55.932999, -124.904999, -1066.000000
6.259000, 55.875000, -124.847000, -1081.000000
6.200000, 55.833000, -124.847000, -1106.000000
6.106000, 55.768002, -124.904999, -1210.500000
6.030000, 55.715000, -124.904999, -1075.000000
5.929000, 55.645000, -124.904999, -1084.000000
5.828000, 55.574001, -124.847000, -1158.000000
5.703000, 55.487000, -124.790001, -1081.000000
5.625000, 55.432999, -124.733002, -1158.000000
5.500000, 55.347000, -124.676003, -1087.500000
5.412000, 55.285000, -124.676003, -1214.000000
5.294000, 55.203999, -124.733002, -1318.000000
5.199000, 55.138000, -124.733002, -1290.500000
5.064000, 55.043999, -124.790001, -1318.000000
4.981000, 54.987000, -124.790001, -1262.500000
4.845000, 54.891998, -124.790001, -1321.000000
4.739000, 54.818001, -124.790001, -1297.000000
4.609000, 54.728001, -124.790001, -1321.500000
4.496000, 54.650002, -124.790001, -1294.000000
4.360000, 54.555000, -124.733002, -1247.000000
4.253000, 54.480999, -124.733002, -1305.500000
4.111000, 54.382999, -124.733002, -1312.000000
4.005000, 54.308998, -124.733002, -1247.000000
3.954000, 54.273998, -124.904999, -1204.000000
3.923000, 54.251999, -125.249001, -1204.000000
3.773000, 54.145000, -125.821999, -1235.500000
3.669000, 54.069000, -126.336998, -1210.500000
3.488000, 53.933998, -127.082001, -1263.000000
3.370000, 53.844002, -127.654999, -1272.000000
3.205000, 53.715000, -128.457001, -1266.000000
3.040000, 53.582001, -129.145004, -1139.500000
2.904000, 53.470001, -129.832001, -1266.000000
2.757000, 53.347000, -130.404999, -1222.500000
2.637000, 53.243999, -130.863998, -1293.500000
2.482000, 53.108002, -131.436996, -1263.000000
2.374000, 53.012001, -131.895004, -1263.000000
2.211000, 52.863998, -132.468002, -1269.000000
2.095000, 52.757000, -132.925995, -1275.000000
1.954000, 52.625000, -133.442001, -1228.500000
1.849000, 52.525002, -133.843002, -1146.000000
1.697000, 52.376999, -134.473007, -1161.500000
1.593000, 52.273998, -134.817001, -1398.500000
1.447000, 52.127998, -135.389999, -1435.000000
1.326000, 52.004002, -135.791000, -1429.000000
1.188000, 51.861000, -136.363998, -1438.500000
1.050000, 51.715000, -136.822006, -1377.000000
0.878000, 51.529999, -137.682007, -1423.000000
0.768000, 51.407001, -138.139999, -1382.500000
0.592000, 51.208000, -139.057007, -1444.500000
0.454000, 51.047001, -139.744003, -1376.500000
0.293000, 50.854000, -140.660995, -1441.000000
0.169000, 50.701000, -141.348999, -1330.500000
-0.041000, 50.433998, -142.151001, -1371.000000
-0.291000, 50.109001, -142.608994, -1460.000000
-0.407000, 49.956001, -142.723999, -1441.500000
-0.578000, 49.731998, -142.666000, -2525.500000
-0.736000, 49.525002, -142.608994, -3003.000000
-0.921000, 49.283001, -142.494995, -3012.500000
-1.181000, 48.945999, -142.436996, -3033.500000
-1.440000, 48.609001, -142.380005, -3040.000000
-1.705000, 48.264999, -142.264999, -2898.500000
-2.055000, 47.813999, -142.151001, -3015.000000
-2.369000, 47.410000, -142.093994, -2941.500000
-2.681000, 47.011002, -141.979004, -2864.000000
-3.118000, 46.453999, -141.807007, -2790.500000
-3.417000, 46.074001, -141.750000, -2852.000000
-3.802000, 45.584000, -141.921997, -2843.000000
-4.104000, 45.195999, -142.264999, -2849.000000
-4.483000, 44.702000, -142.895996, -2889.000000
-4.829000, 44.237999, -143.582993, -2790.500000
-5.297000, 43.592999, -144.615005, -2889.000000
-5.685000, 43.037998, -145.473999, -2799.500000
-6.029000, 42.528000, -146.563004, -2874.000000
-6.408000, 41.943001, -147.479004, -3028.000000
-6.737000, 41.415001, -148.625000, -2867.500000
-7.137000, 40.743999, -149.714005, -2864.500000
-7.398000, 40.290001, -150.688004, -2867.500000
-7.783000, 39.587002, -151.834000, -2913.500000
-8.054000, 39.070999, -152.751007, -2867.500000
-8.377000, 38.425999, -153.953995, -3046.000000
-8.627000, 37.901001, -154.927994, -2852.000000
-8.973000, 37.134998, -156.360001, -2824.500000
-9.225000, 36.549999, -156.990005, -2852.000000
-9.549000, 35.765999, -157.964005, -2809.000000
-9.751000, 35.263000, -158.251007, -2796.500000
-9.991000, 34.658001, -158.479996, -2805.500000
-10.197000, 34.134998, -158.479996, -2892.000000
-10.472000, 33.438999, -158.479996, -2904.500000
-10.732000, 32.780998, -158.423004, -2882.500000
-10.950000, 32.234001, -158.022003, -2904.500000
-11.220000, 31.576000, -157.276993, -2984.500000
-11.448000, 31.051001, -155.729996, -2331.500000
-11.767000, 30.379000, -153.438004, -1989.500000
-11.928000, 30.070999, -151.145996, -1167.500000
-12.128000, 29.726999, -147.994995, -86.000000
-12.225000, 29.580999, -145.188004, -74.000000
-12.365000, 29.395000, -142.035995, -52.500000
-12.432000, 29.312000, -139.916000, -40.000000
-12.498000, 29.237000, -137.395004, -18.500000
-12.558000, 29.174000, -136.479004, -34.000000
-12.569000, 29.162001, -135.046005, 3.000000
-12.569000, 29.162001, -135.046005, 0.000000
-12.569000, 29.162001, -135.046005, 0.000000
-12.569000, 29.162001, -135.046005, 0.000000
-12.569000, 29.162001, -135.046005, 0.000000
-12.569000, 29.162001, -135.046005, -3.000000
-12.569000, 29.162001, -135.046005, 0.000000
-12.569000, 29.162001, -135.046005, 0.000000
-12.569000, 29.162001, -135.046005, 0.000000
-12.569000, 29.162001, -135.046005, 0.000000
-12.544000, 29.187000, -135.046005, 949.000000
-12.417000, 29.313999, -134.988998, 1491.000000
-12.378000, 29.351999, -134.817001, 1558.500000
-12.320000, 29.410999, -134.587997, 1521.500000
-12.227000, 29.502001, -134.186996, 1527.500000
-12.143000, 29.583000, -133.843002, 1537.000000
-12.028000, 29.691999, -133.384995, 1534.000000
-11.933000, 29.781000, -132.983994, 1543.000000
-11.797000, 29.906000, -132.410995, 1552.000000
-11.671000, 30.020000, -131.837997, 1555.500000
-11.499000, 30.173000, -131.378998, 1869.500000
-11.305000, 30.341999, -130.806000, 1943.500000
-11.024000, 30.582001, -130.119003, 2119.000000
-10.810000, 30.760000, -129.546005, 2184.000000
-10.463000, 31.042999, -128.744003, 2186.500000
-10.178000, 31.268999, -128.056000, 2187.000000
-9.870000, 31.506001, -127.196999, 2199.000000
-9.585000, 31.719999, -126.566002, 2193.000000
-9.231000, 31.978001, -125.650002, 2168.000000
-8.895000, 32.216000, -124.847000, 2168.000000
-8.619000, 32.405998, -124.217003, 2134.000000
-8.090000, 32.759998, -123.529999, 2156.000000
-7.794000, 32.955002, -123.185997, 2125.500000
-7.380000, 33.224998, -123.014000, 2131.500000
-7.048000, 33.441002, -123.014000, 2128.500000
-6.710000, 33.660999, -123.070999, 2119.000000
-6.371000, 33.882000, -123.128998, 2122.000000
-5.979000, 34.138000, -123.185997, 2128.000000
-5.701000, 34.319000, -123.185997, 2122.000000
-5.292000, 34.587002, -123.185997, 2125.500000
-4.923000, 34.828999, -123.242996, 2122.000000
-4.640000, 35.014000, -123.242996, 2128.500000
-4.328000, 35.219002, -123.185997, 2131.500000
-3.930000, 35.479000, -123.185997, 2122.000000
-3.623000, 35.680000, -123.185997, 2116.000000
-3.238000, 35.931000, -123.128998, 2122.000000
-2.949000, 36.119999, -123.128998, 2128.500000
-2.533000, 36.390999, -123.128998, 2125.500000
-2.261000, 36.568001, -123.128998, 2134.500000
-1.845000, 36.841000, -123.185997, 2125.000000
-1.520000, 37.053001, -123.128998, 2125.000000
-1.159000, 37.287998, -123.070999, 2128.500000
-0.833000, 37.500000, -123.070999, 2109.500000
-0.429000, 37.764000, -123.070999, 2116.000000
-0.176000, 37.929001, -123.070999, 2134.500000
0.247000, 38.203999, -123.070999, 2119.000000
0.554000, 38.403999, -123.070999, 1789.500000
0.916000, 38.639999, -123.070999, 1460.000000
1.200000, 38.824001, -123.070999, 1256.500000
1.737000, 39.174000, -123.070999, 0.000000
1.737000, 39.174000, -123.070999, -3.000000
1.737000, 39.174000, -123.070999, 0.000000
1.737000, 39.174000, -123.070999, 6.000000
1.737000, 39.174000, -123.070999, 3.000000
1.737000, 39.174000, -123.070999, 0.000000
1.737000, 39.174000, -123.070999, -3.000000
1.737000, 39.174000, -123.070999, 3.000000
1.737000, 39.174000, -123.070999, -3.000000
1.737000, 39.174000, -123.070999, 3.000000
1.737000, 39.174000, -123.070999, 0.000000
1.737000, 39.174000, -123.070999, -3.000000
1.737000, 39.174000, -123.070999, 0.000000
1.737000, 39.174000, -123.070999, 6.000000
1.737000, 39.174000, -123.070999, 3.000000
1.737000, 39.174000, -123.070999, 0.000000
1.737000, 39.174000, -123.070999, -3.000000
1.737000, 39.174000, -123.070999, 3.000000
1.737000, 39.174000, -123.070999, -3.000000
1.737000, 39.174000, -123.070999, 3.000000
1.658000, 39.123001, -123.070999, -991.500000
1.628000, 39.103001, -123.070999, -967.000000
1.592000, 39.080002, -123.070999, -1069.000000
1.562000, 39.060001, -123.070999, -1069.000000
1.526000, 39.036999, -123.070999, -1053.500000
1.490000, 39.013000, -123.070999, -1059.500000
1.459000, 38.993000, -123.070999, -1056.500000
1.423000, 38.970001, -123.070999, -1066.000000
1.381000, 38.942001, -123.070999, -1207.500000
1.333000, 38.910999, -123.070999, -1207.500000
1.272000, 38.872002, -123.070999, -1207.500000
1.212000, 38.832001, -123.070999, -1238.000000
1.122000, 38.773998, -123.128998, -1306.000000
1.026000, 38.710999, -123.128998, -1312.000000
0.923000, 38.643002, -123.070999, -1318.500000
0.803000, 38.564999, -123.128998, -1324.500000
0.646000, 38.463001, -123.128998, -1327.500000
0.532000, 38.389000, -123.185997, -1167.000000
0.338000, 38.262001, -123.070999, -1407.500000
0.158000, 38.145000, -122.727997, -1386.000000
-0.044000, 38.016998, -122.211998, -1426.000000
-0.247000, 37.890999, -121.237999, -1438.000000
-0.412000, 37.792000, -120.492996, -1419.500000
-0.619000, 37.672001, -119.518997, -1395.500000
-0.795000, 37.574001, -118.660004, -1404.500000
-1.035000, 37.445999, -117.456001, -1469.000000
-1.178000, 37.373001, -116.482002, -1389.000000
-1.430000, 37.250999, -115.222000, -1392.000000
-1.570000, 37.187000, -114.190002, -1361.500000
-1.821000, 37.077999, -112.873001, -1361.500000
-2.051000, 36.984001, -111.325996, -1383.000000
-2.230000, 36.916000, -110.237000, -1383.000000
-2.462000, 36.834000, -108.862000, -1404.500000
-2.643000, 36.773998, -107.773003, -1358.500000
-2.847000, 36.710999, -106.626999, -1373.500000
-3.055000, 36.651001, -105.251999, -1370.500000
-3.289000, 36.590000, -104.164001, -1358.500000
-3.480000, 36.543999, -102.731003, -1358.500000
-3.696000, 36.497002, -101.528000, -1118.000000
-3.841000, 36.469002, -100.038002, -1078.000000
-4.024000, 36.438999, -98.834999, -49.000000
-4.092000, 36.429001, -97.288002, -40.500000
-4.211000, 36.415001, -96.141998, -12.500000
-4.224000, 36.414001, -95.339996, -3.000000
-4.293000, 36.408001, -94.653000, 3.000000
-4.329000, 36.404999, -94.194000, 9.500000
-4.358000, 36.403000, -93.736000, 6.500000
-4.377000, 36.402000, -93.448997, 9.000000
-4.403000, 36.400002, -93.220001, 9.500000
-4.420000, 36.398998, -93.047997, 6.000000
-4.432000, 36.398998, -92.762001, 18.500000
-4.426000, 36.398998, -92.647003, 0.000000
-4.426000, 36.398998, -92.647003, 0.000000
-4.433000, 36.398998, -92.705002, 0.000000
-4.426000, 36.398998, -92.647003, -3.000000
-4.426000, 36.398998, -92.647003, 3.000000
-4.426000, 36.398998, -92.647003, -3.000000
-4.426000, 36.398998, -92.647003, 0.000000
-4.426000, 36.398998, -92.647003, 0.000000
-4.426000, 36.398998, -92.647003, 0.000000
-4.426000, 36.398998, -92.647003, 419.000000
-4.304000, 36.404999, -92.647003, 1321.500000
-4.096000, 36.414001, -92.647003, 1481.500000
-4.075000, 36.415001, -92.589996, 1706.000000
-3.960000, 36.419998, -92.132004, 1737.000000
-3.819000, 36.424999, -91.558998, 1700.000000
-3.617000, 36.429001, -90.698997, 1697.000000
-3.432000, 36.429001, -89.667999, 1706.000000
-3.193000, 36.424999, -88.464996, 1709.500000
-3.009000, 36.418999, -87.432999, 1712.500000
-2.765000, 36.404999, -86.115997, 1712.500000
-2.573000, 36.389999, -85.141998, 1716.000000
-2.342000, 36.368000, -83.938004, 1719.000000
-2.148000, 36.346001, -83.079002, 1719.000000
-1.878000, 36.310001, -81.704002, 1719.000000
-1.613000, 36.268002, -80.557999, 1734.000000
-1.366000, 36.224998, -79.584000, 1783.500000
-1.020000, 36.158001, -78.265999, 1937.000000
-0.755000, 36.099998, -77.235001, 2070.000000
-0.371000, 36.007999, -75.860001, 2072.500000
-0.015000, 35.914001, -74.655998, 2079.000000
0.336000, 35.813000, -73.223999, 2039.000000
0.649000, 35.716000, -72.135002, 2073.000000
1.076000, 35.570000, -70.302002, 2030.000000
1.375000, 35.459999, -69.098999, 2088.000000
1.787000, 35.296001, -67.609001, 2097.500000
2.119000, 35.154999, -66.348999, 2097.500000
2.534000, 34.966000, -64.744003, 2075.500000
2.853000, 34.812000, -63.541000, 2100.500000
3.304000, 34.577999, -61.650002, 2094.500000
3.665000, 34.377998, -60.446999, 2085.000000
4.035000, 34.161999, -58.957001, 2103.500000
4.492000, 33.880001, -57.868999, 2066.500000
4.972000, 33.570999, -56.723000, 2057.500000
5.285000, 33.363998, -56.321999, 2036.000000
5.623000, 33.138000, -56.092999, 2026.500000
5.938000, 32.925999, -56.035000, 2122.000000
6.208000, 32.743999, -56.092999, 2045.000000
6.561000, 32.507000, -56.150002, 2131.000000
6.848000, 32.313999, -56.150002, 2097.000000
7.166000, 32.102001, -56.207001, 2134.500000
7.525000, 31.861000, -56.207001, 2128.000000
7.807000, 31.673000, -56.264000, 2128.000000
8.101000, 31.476999, -56.264000, 2014.000000
8.518000, 31.200001, -56.493999, 2079.000000
8.780000, 31.027000, -56.779999, 1999.000000
9.174000, 30.771000, -57.296001, 2001.500000
9.493000, 30.569000, -57.925999, 2073.000000
9.838000, 30.355000, -58.556000, 1968.000000
10.249000, 30.108999, -59.645000, 2076.000000
10.519000, 29.952999, -60.217999, 2079.000000
10.915000, 29.733000, -61.478001, 2085.000000
11.245000, 29.556999, -62.338001, 1977.500000
11.595000, 29.377001, -63.484001, 2122.000000
11.879000, 29.238001, -64.343002, 2069.500000
12.250000, 29.063000, -65.203003, 2017.000000
12.516000, 28.941000, -65.488998, 2119.000000
12.895000, 28.770000, -65.776001, 2023.500000
13.217000, 28.625000, -65.833000, 2051.500000
13.547000, 28.476999, -65.946999, 2017.000000
13.850000, 28.341999, -65.946999, 2023.500000
14.231000, 28.172001, -65.946999, 2029.500000
14.488000, 28.056999, -65.946999, 2119.000000
14.870000, 27.886999, -66.004997, 2091.000000
15.179000, 27.749001, -66.004997, 2110.000000
15.521000, 27.597000, -66.004997, 2125.000000
15.825000, 27.462000, -66.061996, 2076.000000
16.206000, 27.292999, -66.061996, 2122.000000
16.469000, 27.176001, -66.061996, 2119.000000
16.852000, 27.006001, -66.119003, 2033.000000
17.155000, 26.872000, -66.119003, 2116.000000
17.517000, 26.712000, -66.119003, 2125.000000
17.912000, 26.537001, -66.119003, 2060.500000
18.202000, 26.409000, -66.177002, 2128.000000
18.571000, 26.246000, -66.177002, 2125.000000
18.888000, 26.106001, -66.234001, 2020.500000
19.309000, 25.922001, -66.578003, 1956.000000
19.587000, 25.802999, -66.978996, 1989.500000
20.022000, 25.620001, -67.666000, 2051.000000
20.363000, 25.483000, -68.526001, 2088.000000
20.751000, 25.334000, -69.328003, 1974.500000
21.071000, 25.216000, -70.359001, 1971.500000
21.510000, 25.063999, -71.447998, 2042.000000
21.771000, 24.979000, -72.364998, 2033.000000
22.177000, 24.853001, -73.280998, 2026.500000
22.516000, 24.753000, -73.739998, 2119.000000
22.863000, 24.653999, -74.197998, 2036.000000
23.205000, 24.556999, -74.370003, 2122.000000
23.617000, 24.443001, -74.542000, 2131.000000
23.916000, 24.360001, -74.598999, 2029.500000
24.340000, 24.243999, -74.598999, 2125.000000
24.707000, 24.142000, -74.542000, 2134.500000
25.103000, 24.033001, -74.598999, 2039.000000
25.429000, 23.943001, -74.598999, 1906.500000
25.911000, 23.811001, -74.771004, 2023.500000
26.328000, 23.698999, -75.171997, 2076.000000
26.698000, 23.603001, -75.688004, 2036.000000
27.183000, 23.482000, -76.318001, 2073.000000
27.481000, 23.410999, -76.947998, 1961.500000
27.901000, 23.316000, -77.750000, 1783.500000
28.220000, 23.249001, -78.322998, 1364.500000
28.872000, 23.118999, -78.896004, 3.000000
28.872000, 23.118999, -78.896004, 0.000000
28.872000, 23.118999, -78.896004, 3.000000
28.872000, 23.118999, -78.896004, 3.000000
28.872000, 23.118999, -78.896004, 0.000000
28.872000, 23.118999, -78.896004, 3.000000
28.872000, 23.118999, -78.896004, -3.000000
28.872000, 23.118999, -78.896004, 0.000000
28.872000, 23.118999, -78.896004, 0.000000
28.872000, 23.118999, -78.896004, 0.000000
28.872000, 23.118999, -78.896004, 0.000000
28.872000, 23.118999, -78.896004, -6.000000
28.872000, 23.118999, -78.896004, -3.000000
28.872000, 23.118999, -78.896004, -3.000000
28.872000, 23.118999, -78.896004, 579.500000
29.028000, 23.087999, -78.896004, 890.000000
29.112000, 23.072001, -78.896004, 822.500000
29.149000, 23.065001, -78.954002, 831.500000
29.177000, 23.059000, -78.954002, 834.500000
29.205000, 23.054001, -78.954002, 933.000000
29.233000, 23.048000, -78.954002, 1035.000000
29.269000, 23.041000, -78.954002, 1028.500000
29.277000, 23.040001, -79.011002, 1025.500000
29.318000, 23.032000, -78.954002, 1038.000000
29.347000, 23.025999, -79.011002, 1041.500000
29.362000, 23.023001, -79.011002, 1028.500000
29.390000, 23.018000, -79.011002, 1038.000000
29.432000, 23.009001, -79.011002, 1019.500000
29.453000, 23.004999, -79.011002, 1028.500000
29.502000, 22.996000, -78.954002, 1029.000000
29.530000, 22.990000, -78.954002, 1031.500000
29.610000, 22.975000, -79.068001, 1022.500000
29.664000, 22.965000, -79.355003, 1111.500000
29.770000, 22.945000, -79.755997, 1108.500000
29.846000, 22.931000, -80.099998, 1127.000000
29.995000, 22.906000, -80.500999, 1238.000000
30.118000, 22.886000, -81.073997, 1306.000000
30.236000, 22.868000, -81.360001, 1312.000000
30.407000, 22.841999, -81.360001, 1296.500000
30.556000, 22.819000, -81.303001, 1395.500000
30.754000, 22.789000, -81.245003, 1395.500000
30.904000, 22.766001, -81.303001, 1401.500000
31.139000, 22.730000, -81.303001, 1392.500000
31.310000, 22.704000, -81.303001, 1398.500000
31.515000, 22.672001, -81.245003, 1404.500000
31.691000, 22.645000, -81.130997, 1383.000000
31.919000, 22.610001, -81.130997, 1395.500000
32.069000, 22.586000, -81.188004, 1401.500000
32.304000, 22.549999, -81.188004, 1410.500000
32.454000, 22.527000, -81.245003, 1392.000000
32.598000, 22.504000, -81.303001, 1438.500000
32.690000, 22.490000, -81.303001, 1432.500000
32.726000, 22.485001, -81.303001, 1330.500000
32.725000, 22.485001, -81.245003, 1333.500000
32.719000, 22.486000, -81.303001, 1515.000000
32.733000, 22.483999, -81.303001, 1995.500000
32.754000, 22.481001, -81.303001, 2313.000000
32.797000, 22.474001, -81.303001, 2682.500000
32.968000, 22.448000, -81.303001, 3588.000000
33.060000, 22.434000, -81.303001, 3653.000000
33.139000, 22.422001, -81.303001, 3594.000000
33.195000, 22.413000, -81.245003, 3536.000000
33.217000, 22.410000, -81.303001, 3603.500000
33.218000, 22.410000, -81.360001, 3548.000000
33.218000, 22.410000, -81.360001, 3569.500000
33.218000, 22.410000, -81.360001, 3708.000000
33.253000, 22.403999, -81.360001, 4564.500000
33.325000, 22.393000, -81.360001, 5168.500000
33.529000, 22.362000, -81.245003, 5565.500000
33.741000, 22.329000, -81.130997, 5411.500000
33.951000, 22.296000, -80.959000, 4675.500000
34.209000, 22.254000, -80.671997, 4475.500000
34.347000, 22.231001, -80.386002, 4327.500000
34.395000, 22.223000, -80.271004, 4179.500000
34.402000, 22.222000, -80.271004, 4226.000000
34.402000, 22.222000, -80.271004, 3927.000000
34.408000, 22.221001, -80.213997, 3548.000000
34.408000, 22.221001, -80.213997, 3132.500000
34.408000, 22.221001, -80.213997, 2769.000000
34.408000, 22.221001, -80.213997, 2365.000000
34.408000, 22.221001, -80.213997, 2048.500000
34.408000, 22.221001, -80.213997, 1574.000000
34.387000, 22.224001, -80.271004, 1063.000000
34.359000, 22.229000, -80.271004, 234.000000
34.317000, 22.236000, -80.329002, -3.000000
34.275000, 22.243999, -80.329002, 3.000000
34.247000, 22.247999, -80.386002, 0.000000
34.226000, 22.252001, -80.386002, 0.000000
34.220000, 22.253000, -80.443001, 0.000000
34.214000, 22.254000, -80.500999, 0.000000
34.220000, 22.253000, -80.443001, 0.000000
34.220000, 22.253000, -80.443001, 0.000000
34.220000, 22.253000, -80.443001, 3.000000
34.220000, 22.253000, -80.443001, 3.000000
34.220000, 22.253000, -80.443001, 0.000000
34.220000, 22.253000, -80.443001, 3.000000
34.220000, 22.253000, -80.443001, 0.000000
34.220000, 22.253000, -80.443001, -3.000000
34.220000, 22.253000, -80.443001, -6.000000
34.220000, 22.253000, -80.443001, 3.000000
34.220000, 22.253000, -80.443001, 6.000000
34.220000, 22.253000, -80.443001, 0.000000
34.220000, 22.253000, -80.443001, 0.000000
34.220000, 22.253000, -80.443001, 0.000000
34.220000, 22.253000, -80.443001, -3.000000
34.220000, 22.253000, -80.443001, 0.000000
34.220000, 22.253000, -80.443001, 3.000000
34.220000, 22.253000, -80.443001, 3.000000
34.220000, 22.253000, -80.443001, -3.000000
34.206000, 22.254999, -80.443001, 3.000000
34.198000, 22.257000, -80.386002, 0.000000
34.191000, 22.257999, -80.386002, 0.000000
34.191000, 22.257999, -80.386002, 0.000000
34.191000, 22.257999, -80.386002, -3.000000
34.191000, 22.257999, -80.386002, 0.000000
34.191000, 22.257999, -80.386002, 0.000000
34.191000, 22.257999, -80.386002, 0.000000
34.105000, 22.271999, -80.386002, -998.000000
33.963000, 22.297001, -80.329002, -1029.000000
33.863000, 22.313999, -80.329002, -1016.500000
33.814000, 22.322001, -80.329002, -924.000000
33.799000, 22.323999, -80.329002, 0.000000
33.806000, 22.323000, -80.271004, 3.000000
33.806000, 22.323000, -80.271004, 0.000000
33.806000, 22.323000, -80.271004, 0.000000
33.806000, 22.323000, -80.271004, 3.000000
33.806000, 22.323000, -80.271004, 0.000000
33.791000, 22.326000, -80.271004, -742.500000
33.749000, 22.333000, -80.271004, -1084.000000
33.720000, 22.337999, -80.271004, -1004.000000
33.685000, 22.344000, -80.271004, -1001.000000
33.678000, 22.344999, -80.271004, -1001.000000
33.642000, 22.351000, -80.271004, -265.000000
33.649000, 22.350000, -80.271004, 0.000000
33.649000, 22.350000, -80.271004, 3.000000
33.649000, 22.350000, -80.271004, 0.000000
33.649000, 22.350000, -80.271004, 0.000000
33.649000, 22.350000, -80.271004, 3.000000
33.649000, 22.350000, -80.271004, 3.000000
33.649000, 22.350000, -80.271004, -3.000000
33.649000, 22.350000, -80.271004, -3.000000
33.649000, 22.350000, -80.271004, -3.000000
33.649000, 22.350000, -80.271004, -3.000000
33.649000, 22.350000, -80.271004, -693.000000
33.600000, 22.358999, -80.271004, -1533.500000
33.557000, 22.365999, -80.271004, -1623.000000
33.458000, 22.382999, -80.271004, -1263.000000
33.381000, 22.396000, -80.329002, -924.000000
33.295000, 22.410999, -80.329002, -905.500000
33.281000, 22.413000, -80.329002, -9.000000
33.287000, 22.412001, -80.271004, -3.000000
33.294000, 22.410999, -80.213997, -3.000000
33.287000, 22.412001, -80.271004, 0.000000
33.287000, 22.412001, -80.271004, 0.000000
33.272000, 22.415001, -80.213997, -754.500000
33.224000, 22.423000, -80.271004, -819.500000
33.203000, 22.427000, -80.329002, -899.000000
33.162000, 22.434000, -80.386002, -1118.000000
33.091000, 22.445999, -80.386002, -1466.000000
32.964000, 22.466999, -80.443001, -2532.000000
32.750000, 22.503000, -80.386002, -2460.500000
32.564000, 22.535000, -80.329002, -1586.000000
32.244000, 22.589001, -80.271004, -1577.000000
32.023000, 22.627001, -80.213997, -1608.000000
31.710000, 22.681000, -80.156998, -1580.000000
31.385000, 22.738001, -80.213997, -1238.000000
31.222000, 22.764999, -80.271004, -92.500000
31.190000, 22.771000, -80.443001, -3.000000
31.084000, 22.789000, -80.500999, -6.000000
30.971000, 22.806999, -80.557999, 3.000000
30.942000, 22.812000, -80.500999, 0.000000
30.942000, 22.812000, -80.500999, 0.000000
30.942000, 22.812000, -80.500999, -736.000000
30.809000, 22.834999, -80.614998, -788.500000
30.809000, 22.834999, -80.614998, -40.000000
30.809000, 22.834999, -80.614998, 0.000000
30.815000, 22.834000, -80.557999, -6.000000
30.809000, 22.834999, -80.614998, -3.000000
30.816000, 22.833000, -80.614998, 0.000000
30.830000, 22.830999, -80.614998, 0.000000
30.824000, 22.832001, -80.671997, -3.000000
30.824000, 22.832001, -80.671997, 0.000000
30.843000, 22.829000, -80.500999, 3.000000
30.843000, 22.829000, -80.500999, 0.000000
30.832000, 22.830999, -80.730003, 3.000000
30.827000, 22.832001, -80.844002, 3.000000
30.839000, 22.830000, -80.730003, 0.000000
30.839000, 22.830000, -80.730003, 6.000000
30.833000, 22.830999, -80.787003, 0.000000
30.833000, 22.830999, -80.787003, -3.000000
30.839000, 22.830000, -80.730003, -3.000000
30.833000, 22.830999, -80.787003, 0.000000
30.839000, 22.830000, -80.730003, 0.000000
30.833000, 22.830999, -80.787003, 0.000000
30.833000, 22.830999, -80.787003, 3.000000
30.833000, 22.830999, -80.787003, 0.000000
30.833000, 22.830999, -80.787003, -3.000000
30.833000, 22.830999, -80.787003, 0.000000
30.833000, 22.830999, -80.787003, -6.000000
30.833000, 22.830999, -80.787003, 0.000000
30.833000, 22.830999, -80.787003, 0.000000
30.833000, 22.830999, -80.787003, 0.000000
30.833000, 22.830999, -80.787003, -3.000000
30.833000, 22.830999, -80.787003, 0.000000
30.833000, 22.830999, -80.787003, 0.000000
30.833000, 22.830999, -80.787003, 6.000000
30.833000, 22.830999, -80.787003, 0.000000
30.833000, 22.830999, -80.787003, -3.000000
30.833000, 22.830999, -80.787003, 0.000000
30.833000, 22.830999, -80.787003, 6.000000
30.833000, 22.830999, -80.787003, 0.000000
30.833000, 22.830999, -80.787003, 3.000000
30.833000, 22.830999, -80.787003, 0.000000
30.833000, 22.830999, -80.787003, 0.000000
30.833000, 22.830999, -80.787003, 0.000000
30.833000, 22.830999, -80.787003, 6.000000
30.833000, 22.830999, -80.787003, -3.000000
30.833000, 22.830999, -80.787003, 0.000000
30.833000, 22.830999, -80.787003, 0.000000
30.833000, 22.830999, -80.787003, 3.000000
30.833000, 22.830999, -80.787003, 0.000000
30.833000, 22.830999, -80.787003, 0.000000
30.833000, 22.830999, -80.787003, 0.000000
30.833000, 22.830999, -80.787003, 0.000000
30.833000, 22.830999, -80.787003, 3.000000
30.833000, 22.830999, -80.787003, 3.000000
30.833000, 22.830999, -80.787003, -3.000000
30.833000, 22.830999, -80.787003, 0.000000
30.833000, 22.830999, -80.787003, 0.000000
30.833000, 22.830999, -80.787003, 0.000000
30.833000, 22.830999, -80.787003, -3.000000
30.833000, 22.830999, -80.787003, 3.000000
30.833000, 22.830999, -80.787003, 0.000000
30.833000, 22.830999, -80.787003, 0.000000
30.833000, 22.830999, -80.787003, 3.000000
30.833000, 22.830999, -80.787003, 0.000000
30.833000, 22.830999, -80.787003, 3.000000
30.833000, 22.830999, -80.787003, -6.000000
30.833000, 22.830999, -80.787003, 0.000000
30.833000, 22.830999, -80.787003, 3.000000
30.833000, 22.830999, -80.787003, -3.000000
30.833000, 22.830999, -80.787003, -3.000000
30.833000, 22.830999, -80.787003, 0.000000
30.833000, 22.830999, -80.787003, 0.000000
30.833000, 22.830999, -80.787003, 0.000000
30.833000, 22.830999, -80.787003, 3.000000
30.833000, 22.830999, -80.787003, 0.000000
30.833000, 22.830999, -80.787003, 3.000000
30.833000, 22.830999, -80.787003, -3.000000
30.833000, 22.830999, -80.787003, 0.000000
30.833000, 22.830999, -80.787003, 0.000000
30.833000, 22.830999, -80.787003, 3.000000
30.833000, 22.830999, -80.787003, -3.000000
30.833000, 22.830999, -80.787003, -3.000000
30.833000, 22.830999, -80.787003, 3.000000
30.833000, 22.830999, -80.787003, 3.000000
30.833000, 22.830999, -80.787003, -3.000000
30.833000, 22.830999, -80.787003, -6.000000
30.826000, 22.832001, -80.787003, -798.000000
30.805000, 22.834999, -80.787003, -951.500000
30.783000, 22.839001, -80.787003, -961.000000
30.762000, 22.841999, -80.787003, -960.500000
30.755000, 22.843000, -80.787003, -1050.500000
30.741000, 22.846001, -80.787003, -1044.000000
30.741000, 22.846001, -80.787003, -1179.500000
30.720000, 22.849001, -80.787003, -1287.500000
30.705000, 22.851000, -80.787003, -1300.000000
30.670000, 22.857000, -80.787003, -1300.000000
30.640000, 22.862000, -80.730003, -1297.000000
30.598000, 22.868999, -80.730003, -1299.500000
30.555000, 22.875999, -80.730003, -1303.000000
30.498000, 22.885000, -80.730003, -1626.500000
30.413000, 22.899000, -80.730003, -1866.500000
30.270000, 22.923000, -80.671997, -1940.500000
30.156000, 22.941000, -80.671997, -1897.000000
29.929000, 22.979000, -80.671997, -1965.000000
29.737000, 23.010000, -80.671997, -1940.500000
29.460000, 23.056000, -80.671997, -2032.500000
29.125000, 23.111000, -80.614998, -1949.500000
28.905000, 23.146999, -80.614998, -1999.000000
28.543000, 23.207001, -80.614998, -1952.500000
28.272000, 23.252001, -80.557999, -1974.000000
27.903000, 23.313000, -80.557999, -2054.500000
27.618000, 23.361000, -80.500999, -1959.000000
27.177000, 23.434000, -80.500999, -1894.500000
26.910000, 23.480000, -80.213997, -1900.500000
26.461000, 23.559000, -79.640999, -1897.000000
26.138000, 23.620001, -78.896004, -1968.000000
25.743000, 23.700001, -78.037003, -1918.500000
25.414000, 23.771999, -77.292000, -1915.500000
24.993000, 23.870001, -76.375000, -1906.500000
24.715000, 23.940001, -75.572998, -1906.500000
24.277000, 24.056999, -74.313004, -1928.500000
23.957000, 24.150000, -73.280998, -1900.000000
23.605000, 24.261000, -71.905998, -1955.500000
23.295000, 24.365999, -70.818001, -1959.000000
22.911000, 24.507000, -69.155998, -1906.500000
22.652000, 24.608000, -68.010002, -1900.500000
22.225000, 24.785999, -66.578003, -1912.500000
21.905000, 24.929001, -65.431999, -1943.500000
21.545000, 25.098000, -64.056999, -1946.500000
21.145000, 25.298000, -62.681999, -1919.000000
20.859000, 25.450001, -61.363998, -1910.000000
20.484000, 25.660000, -60.217999, -1913.000000
20.108000, 25.884001, -58.556000, -1913.000000
19.835000, 26.055000, -57.353001, -1910.000000
19.596000, 26.211000, -56.207001, -1959.000000
19.220000, 26.469999, -54.716999, -1912.500000
18.929000, 26.680000, -53.514000, -1900.000000
18.724000, 26.836000, -52.311001, -1912.500000
18.351000, 27.131001, -50.993000, -1915.500000
18.113000, 27.327999, -49.674999, -1919.000000
17.855000, 27.549999, -48.701000, -1912.500000
17.555000, 27.820000, -47.383999, -1715.500000
17.306000, 28.052000, -46.410000, -1586.500000
17.018000, 28.332001, -45.206001, -1410.500000
16.639000, 28.724001, -41.826000, 43.000000
16.659000, 28.701000, -41.023998, -3.000000
16.695000, 28.659000, -40.451000, -6.000000
16.676000, 28.681000, -40.451000, -3.000000
16.672000, 28.686001, -40.507999, -3.000000
16.669000, 28.690001, -40.623001, 0.000000
16.664000, 28.695000, -40.680000, -3.000000
16.669000, 28.690001, -40.623001, 0.000000
16.669000, 28.690001, -40.623001, 0.000000
16.669000, 28.690001, -40.623001, -3.000000
16.669000, 28.690001, -40.623001, 0.000000
16.669000, 28.690001, -40.623001, -3.000000
16.669000, 28.690001, -40.623001, 0.000000
16.669000, 28.690001, -40.623001, 0.000000
16.669000, 28.690001, -40.623001, 0.000000
16.669000, 28.690001, -40.623001, -3.000000
16.669000, 28.690001, -40.623001, 6.000000
16.669000, 28.690001, -40.623001, 0.000000
16.589000, 28.783001, -40.623001, -24.500000
16.536000, 28.844000, -40.507999, 9.500000
16.534000, 28.847000, -40.335999, 9.500000
16.524000, 28.858000, -40.278999, 18.500000
16.524000, 28.858999, -40.222000, -58.500000
16.513000, 28.871000, -40.106998, 21.500000
16.505000, 28.881001, -39.763000, 12.500000
16.494000, 28.895000, -39.591000, 6.000000
16.490000, 28.900000, -39.189999, 3.000000
16.491000, 28.898001, -38.903999, 15.500000
16.487000, 28.903000, -38.502998, 15.500000
16.483000, 28.908001, -38.102001, 18.500000
16.466000, 28.931000, -37.242001, 18.500000
16.469000, 28.926001, -36.326000, 9.500000
16.468000, 28.927000, -34.492001, 12.000000
16.448000, 28.958000, -33.117001, 9.000000
16.453000, 28.948999, -31.112000, 9.000000
16.437000, 28.975000, -28.877001, 15.500000
16.419000, 29.009001, -26.986000, 6.000000
16.414000, 29.021000, -24.465000, 9.000000
16.408000, 29.033001, -22.344999, 12.000000
16.418000, 29.003000, -19.021999, 9.500000
16.402000, 29.049999, -17.361000, 12.000000
16.408000, 29.030001, -13.866000, 9.000000
16.403000, 29.052999, -11.516000, 12.000000
16.405000, 29.040001, -8.422000, 9.000000
16.402000, 29.059999, -5.901000, 12.500000
16.400000, 29.093000, -2.636000, 9.500000
16.400000, 29.094000, 0.057000, 6.500000
16.400000, 29.108999, 3.552000, 21.500000
16.397000, 29.072001, 6.990000, 9.500000
16.403000, 29.112000, 9.855000, 12.500000
16.397000, 29.077000, 13.350000, 6.500000
16.409000, 29.128000, 16.959999, 6.000000
16.420000, 29.159000, 19.823999, 9.500000
16.404000, 29.118999, 23.261999, 3.500000
16.444000, 29.205000, 25.955000, 0.000000
16.410000, 29.138000, 29.278000, 15.000000
16.432000, 29.176001, 31.914000, 3.500000
16.429000, 29.174000, 35.180000, 12.500000
16.432000, 29.177999, 37.643002, 0.000000
16.394000, 29.131001, 40.106998, -3.500000
16.296000, 29.018000, 41.481998, 0.000000
16.267000, 28.986000, 42.341999, -6.000000
16.267000, 28.986000, 42.341999, 6.000000
16.288000, 29.009001, 42.055000, -3.000000
16.296000, 29.018000, 41.941002, 0.000000
16.292000, 29.013000, 41.998001, -3.000000
16.292000, 29.013000, 41.998001, 6.000000
16.292000, 29.013000, 41.998001, -3.000000
16.292000, 29.013000, 41.998001, 3.000000
16.292000, 29.013000, 41.998001, 0.000000
16.292000, 29.013000, 41.998001, -3.000000
16.292000, 29.013000, 41.998001, 0.000000
16.292000, 29.013000, 41.998001, 3.000000
16.292000, 29.013000, 41.998001, 0.000000
16.292000, 29.013000, 41.998001, 0.000000
16.292000, 29.013000, 41.998001, -6.000000
16.292000, 29.013000, 41.998001, 3.000000
16.292000, 29.013000, 41.998001, 0.000000
16.292000, 29.013000, 41.998001, 3.000000
16.292000, 29.013000, 41.998001, 0.000000
16.292000, 29.013000, 41.998001, 0.000000
16.292000, 29.013000, 41.998001, 0.000000
16.292000, 29.013000, 41.998001, -3.000000
16.292000, 29.013000, 41.998001, 0.000000
16.292000, 29.013000, 41.998001, 0.000000
16.292000, 29.013000, 41.998001, -6.000000
16.292000, 29.013000, 41.998001, 0.000000
16.292000, 29.013000, 41.998001, 3.000000
16.292000, 29.013000, 41.998001, 3.000000
16.292000, 29.013000, 41.998001, 3.000000
16.292000, 29.013000, 41.998001, 0.000000
16.296000, 29.018000, 41.941002, 3.000000
16.292000, 29.013000, 41.998001, 0.000000
16.292000, 29.013000, 41.998001, 0.000000
16.296000, 29.018000, 41.941002, 0.000000
16.292000, 29.013000, 41.998001, 3.000000
16.282000, 29.003000, 41.998001, 640.500000
16.263000, 28.981001, 41.941002, 933.500000
16.234000, 28.948999, 41.941002, 945.500000
16.210000, 28.922001, 41.941002, 1022.500000
16.176000, 28.884001, 41.941002, 1029.000000
16.147000, 28.851999, 41.941002, 1164.500000
16.118000, 28.820000, 41.941002, 1164.000000
16.089000, 28.788000, 41.941002, 1182.500000
16.036000, 28.729000, 41.941002, 1269.000000
15.997000, 28.684999, 41.882999, 1275.000000
15.935000, 28.615999, 41.882999, 1272.000000
15.882000, 28.556999, 41.882999, 1278.500000
15.809000, 28.476000, 41.826000, 1379.500000
15.723000, 28.379000, 41.826000, 1392.000000
15.665000, 28.315001, 41.826000, 1383.000000
15.550000, 28.186001, 41.826000, 1383.000000
15.435000, 28.056999, 41.826000, 1401.500000
15.353000, 27.966000, 41.826000, 1392.000000
15.266000, 27.868999, 41.769001, 1389.000000
15.146000, 27.733999, 41.769001, 1401.500000
15.059000, 27.636999, 41.710999, 1398.500000
14.954000, 27.518999, 41.710999, 1386.000000
14.815000, 27.363001, 41.710999, 1392.000000
14.714000, 27.250000, 41.710999, 1404.500000
14.590000, 27.110001, 41.710999, 1401.500000
14.465000, 26.971001, 41.710999, 1413.500000
14.336000, 26.825001, 41.710999, 1521.500000
14.172000, 26.642000, 41.653999, 1635.500000
14.062000, 26.518000, 41.653999, 1657.000000
13.876000, 26.308001, 41.653999, 1657.000000
13.732000, 26.146000, 41.597000, 1654.000000
13.569000, 25.962999, 41.539001, 1663.000000
13.411000, 25.785000, 41.539001, 1654.000000
13.210000, 25.558001, 41.539001, 1660.000000
13.077000, 25.407000, 41.539001, 1669.500000
12.848000, 25.150000, 41.597000, 1672.500000
12.705000, 24.988001, 41.597000, 1688.000000
12.559000, 24.823999, 41.826000, 1709.000000
12.364000, 24.608000, 42.513000, 1647.500000
12.255000, 24.490999, 42.856998, 1731.000000
12.023000, 24.243999, 43.716999, 1737.000000
11.831000, 24.045000, 44.347000, 1731.000000
11.611000, 23.823000, 45.091999, 1740.000000
11.429000, 23.643000, 45.722000, 1709.500000
11.180000, 23.405001, 46.639000, 1740.000000
10.990000, 23.226999, 47.441002, 1718.500000
10.755000, 23.016001, 48.358002, 1644.500000
10.524000, 22.813000, 49.332001, 1687.500000
10.170000, 22.513000, 50.019001, 1697.000000
9.861000, 22.257000, 50.591999, 1672.500000
9.680000, 22.108000, 50.764000, 1660.000000
9.446000, 21.917000, 50.764000, 1660.000000
9.233000, 21.743000, 50.707001, 1675.500000
9.032000, 21.577999, 50.648998, 1666.500000
8.820000, 21.403999, 50.591999, 1657.000000
8.570000, 21.198999, 50.648998, 1684.500000
8.392000, 21.052999, 50.648998, 1681.500000
8.140000, 20.846001, 50.535000, 1666.000000
7.950000, 20.688999, 50.419998, 1688.000000
7.710000, 20.490000, 50.306000, 1675.500000
7.526000, 20.337000, 50.191002, 1666.500000
7.270000, 20.124001, 50.077000, 1675.500000
7.105000, 19.985001, 50.077000, 1666.500000
6.856000, 19.777000, 50.077000, 1663.500000
6.613000, 19.573999, 50.077000, 1663.500000
6.442000, 19.431000, 50.077000, 1669.500000
6.199000, 19.226999, 50.077000, 1669.500000
6.005000, 19.065001, 50.019001, 1675.500000
5.779000, 18.875000, 50.019001, 1663.000000
5.580000, 18.708000, 49.962002, 1666.000000
5.331000, 18.499001, 49.904999, 1681.500000
5.166000, 18.360001, 49.904999, 1675.500000
4.918000, 18.150999, 49.904999, 1663.000000
4.703000, 17.969999, 49.904999, 1672.500000
4.489000, 17.789000, 49.904999, 1678.500000
4.284000, 17.617001, 49.847000, 1669.500000
4.037000, 17.408001, 49.847000, 1663.000000
3.876000, 17.273001, 49.790001, 1663.500000
3.634000, 17.068001, 49.790001, 1666.500000
3.398000, 16.868999, 49.790001, 1660.000000
3.173000, 16.679001, 49.847000, 1823.500000
2.970000, 16.507000, 49.847000, 1854.000000
2.766000, 16.334999, 49.847000, 1860.500000
2.512000, 16.121000, 49.790001, 1992.500000
2.303000, 15.944000, 49.733002, 1995.500000
2.088000, 15.762000, 49.733002, 1989.500000
1.781000, 15.502000, 49.733002, 2106.500000
1.577000, 15.329000, 49.733002, 2109.500000
1.253000, 15.054000, 49.674999, 2125.000000
1.011000, 14.849000, 49.674999, 2328.500000
0.665000, 14.555000, 49.618000, 2353.500000
0.369000, 14.303000, 49.618000, 2356.500000
0.040000, 14.023000, 49.618000, 2356.500000
-0.267000, 13.762000, 49.618000, 2350.000000
-0.652000, 13.434000, 49.561001, 2359.500000
-0.937000, 13.191000, 49.561001, 2359.500000
-1.337000, 12.851000, 49.561001, 2359.500000
-1.660000, 12.575000, 49.561001, 2384.000000
-2.049000, 12.244000, 49.561001, 2368.500000
-2.384000, 11.958000, 49.504002, 2377.500000
-2.806000, 11.596000, 49.389000, 2371.500000
-3.090000, 11.352000, 49.389000, 2374.500000
-3.517000, 10.986000, 49.332001, 2377.500000
-3.855000, 10.696000, 49.389000, 2374.500000
-4.238000, 10.368000, 49.389000, 2368.500000
-4.561000, 10.090000, 49.332001, 2368.500000
-4.992000, 9.720000, 49.332001, 2387.000000
-5.282000, 9.471000, 49.332001, 2383.500000
-5.725000, 9.090000, 49.273998, 2371.500000
-6.063000, 8.799000, 49.273998, 2371.500000
-6.450000, 8.466000, 49.273998, 2380.500000
-6.865000, 8.109000, 49.273998, 2356.000000
-7.198000, 7.822000, 49.273998, 2322.500000
-7.546000, 7.522000, 49.332001, 2242.500000
-7.897000, 7.221000, 49.273998, 2143.500000
-8.289000, 6.883000, 49.273998, 2146.500000
-8.606000, 6.611000, 49.273998, 2128.000000
-8.982000, 6.287000, 49.273998, 1989.500000
-9.311000, 6.003000, 49.160000, 1632.500000
-9.601000, 5.751000, 48.987999, 1355.000000
-9.808000, 5.572000, 48.987999, 105.000000
-9.944000, 5.454000, 48.987999, 15.000000
-10.062000, 5.351000, 49.044998, 12.000000
-10.186000, 5.243000, 49.160000, 6.000000
-10.214000, 5.219000, 49.102001, 0.000000
-10.235000, 5.201000, 49.160000, 6.000000
-10.230000, 5.205000, 49.102001, -3.000000
-10.230000, 5.205000, 49.102001, 0.000000
-10.235000, 5.201000, 49.160000, 0.000000
-10.230000, 5.206000, 49.160000, 0.000000
-10.225000, 5.210000, 49.102001, 0.000000
-10.225000, 5.210000, 49.102001, 3.000000
-10.230000, 5.206000, 49.160000, 3.000000
-10.225000, 5.210000, 49.102001, 0.000000
-10.225000, 5.210000, 49.102001, -3.000000
-10.225000, 5.210000, 49.102001, 3.000000
-10.225000, 5.210000, 49.102001, 0.000000
-10.312000, 5.134000, 49.102001, 1463.000000
-10.443000, 5.021000, 49.102001, 1466.000000
-10.486000, 4.983000, 49.102001, 1623.000000
-10.579000, 4.903000, 49.044998, 1629.500000
-10.683000, 4.813000, 49.044998, 1629.500000
-10.812000, 4.700000, 49.102001, 1632.500000
-10.965000, 4.568000, 49.102001, 1629.500000
-11.106000, 4.446000, 49.102001, 1647.500000
-11.319000, 4.262000, 49.102001, 1647.500000
-11.477000, 4.125000, 49.044998, 1626.500000
-11.656000, 3.970000, 49.102001, 1644.500000
-11.869000, 3.785000, 48.987999, 1642.000000
-12.056000, 3.622000, 48.816002, 1691.000000
-12.247000, 3.454000, 48.701000, 1666.500000
-12.437000, 3.287000, 48.587002, 1648.000000
-12.638000, 3.110000, 48.529999, 1678.500000
-12.881000, 2.894000, 48.472000, 1672.500000
-13.044000, 2.750000, 48.415001, 1059.500000
-13.206000, 2.606000, 48.299999, 979.500000
-13.341000, 2.486000, 48.299999, 955.000000
-13.437000, 2.400000, 48.358002, 933.000000
-13.512000, 2.333000, 48.358002, 927.500000
-13.565000, 2.286000, 48.415001, 911.500000
-13.581000, 2.272000, 48.415001, 991.500000
-13.577000, 2.276000, 48.358002, 1115.000000
-13.577000, 2.276000, 48.358002, 1096.500000
-13.582000, 2.271000, 48.358002, 905.500000
-13.577000, 2.276000, 48.358002, 74.000000
-13.561000, 2.290000, 48.358002, 0.000000
-13.544000, 2.305000, 48.358002, -3.000000
-13.528000, 2.319000, 48.358002, 3.000000
-13.528000, 2.319000, 48.358002, -3.000000
-13.528000, 2.319000, 48.358002, -3.000000
-13.528000, 2.319000, 48.358002, 0.000000
-13.528000, 2.319000, 48.358002, 0.000000
-13.528000, 2.319000, 48.358002, -3.000000
-13.528000, 2.319000, 48.358002, 3.000000
-13.528000, 2.319000, 48.358002, 0.000000
-13.528000, 2.319000, 48.358002, -3.000000
-13.528000, 2.319000, 48.358002, 0.000000
-13.528000, 2.319000, 48.358002, 3.000000
-13.528000, 2.319000, 48.358002, -3.000000
-13.528000, 2.319000, 48.358002, -6.000000
-13.528000, 2.319000, 48.358002, 0.000000
-13.528000, 2.319000, 48.358002, -3.000000
-13.528000, 2.319000, 48.358002, -3.000000
-13.528000, 2.319000, 48.358002, 3.000000
-13.528000, 2.319000, 48.358002, -3.000000
-13.528000, 2.319000, 48.358002, -3.000000
-13.528000, 2.319000, 48.358002, 0.000000
-13.528000, 2.319000, 48.358002, 0.000000
-13.528000, 2.319000, 48.358002, 0.000000
-13.528000, 2.319000, 48.358002, -3.000000
-13.528000, 2.319000, 48.358002, 0.000000
-13.528000, 2.319000, 48.358002, 0.000000
-13.528000, 2.319000, 48.358002, -3.000000
-13.528000, 2.319000, 48.358002, 6.000000
-13.528000, 2.319000, 48.358002, -3.000000
-13.523000, 2.324000, 48.358002, 0.000000
-13.523000, 2.324000, 48.358002, 3.000000
-13.523000, 2.324000, 48.358002, -3.000000
-13.518000, 2.329000, 48.358002, 0.000000
-13.512000, 2.333000, 48.358002, 0.000000
-13.512000, 2.333000, 48.358002, -3.000000
-13.512000, 2.333000, 48.358002, -3.000000
-13.512000, 2.333000, 48.358002, 3.000000
-13.512000, 2.333000, 48.358002, 0.000000
-13.512000, 2.333000, 48.358002, 3.000000
-13.512000, 2.333000, 48.358002, 3.000000
-13.512000, 2.333000, 48.358002, 0.000000
-13.512000, 2.333000, 48.358002, 3.000000
-13.512000, 2.333000, 48.358002, -3.000000
-13.512000, 2.333000, 48.358002, 3.000000
-13.512000, 2.333000, 48.358002, 3.000000
-13.512000, 2.333000, 48.358002, 0.000000
-13.512000, 2.333000, 48.358002, 3.000000
-13.501000, 2.343000, 48.358002, -3.000000
-13.501000, 2.343000, 48.358002, 3.000000
-13.501000, 2.343000, 48.358002, -3.000000
-13.501000, 2.343000, 48.358002, 0.000000
-13.501000, 2.343000, 48.358002, -3.000000
-13.501000, 2.343000, 48.358002, -3.000000
-13.501000, 2.343000, 48.358002, 0.000000
-13.501000, 2.343000, 48.358002, 0.000000
-13.501000, 2.343000, 48.358002, 3.000000
-13.501000, 2.343000, 48.358002, 0.000000
-13.501000, 2.343000, 48.358002, -3.000000
-13.501000, 2.343000, 48.358002, 0.000000
-13.501000, 2.343000, 48.358002, 3.000000
-13.501000, 2.343000, 48.358002, -3.000000
-13.501000, 2.343000, 48.358002, -3.000000
-13.501000, 2.343000, 48.358002, 3.000000
-13.501000, 2.343000, 48.358002, -3.000000
-13.501000, 2.343000, 48.358002, 3.000000
-13.501000, 2.343000, 48.358002, -3.000000
-13.501000, 2.343000, 48.358002, 0.000000
-13.458000, 2.381000, 48.358002, -9.500000
-13.264000, 2.554000, 48.415001, 6.000000
-13.255000, 2.562000, 48.701000, 12.500000
-13.228000, 2.585000, 49.102001, 9.000000
-13.199000, 2.611000, 49.273998, 9.500000
-13.178000, 2.628000, 49.618000, 12.500000
-13.165000, 2.639000, 49.790001, 12.500000
-13.151000, 2.651000, 50.019001, 28.000000
-13.127000, 2.671000, 50.191002, -206.000000
-13.055000, 2.731000, 51.452000, -12.500000
-12.995000, 2.777000, 52.999001, -3.500000
-13.000000, 2.776000, 57.925999, 40.000000
-12.854000, 2.858000, 62.395000, 30.500000
-12.957000, 2.811000, 68.984001, -24.500000
-12.867000, 2.840000, 76.432999, 15.500000
-12.941000, 2.827000, 82.792000, 9.000000
-12.836000, 2.837000, 91.329002, -98.500000
-12.793000, 2.831000, 98.262001, 18.500000
-12.861000, 2.841000, 106.741997, 9.500000
-12.835000, 2.828000, 113.274002, 0.000000
-12.942000, 2.882000, 122.556000, -24.500000
-12.877000, 2.836000, 126.910004, 9.500000
-12.969000, 2.911000, 134.932007, -89.500000
-12.943000, 2.882000, 139.514999, -6.000000
-13.002000, 2.960000, 144.442993, -15.500000
-13.018000, 2.983000, 147.537003, -6.000000
-13.035000, 3.013000, 150.630997, 9.000000
-13.060000, 3.060000, 151.776993, 3.500000
-13.084000, 3.104000, 152.235001, 0.000000
-13.066000, 3.071000, 151.891006, 3.000000
-13.054000, 3.049000, 151.662003, -6.000000
-13.061000, 3.062000, 151.662003, 0.000000
-13.061000, 3.062000, 151.662003, 0.000000
-13.061000, 3.062000, 151.662003, 0.000000
-13.061000, 3.062000, 151.662003, 3.000000
-13.061000, 3.062000, 151.662003, -3.000000
-13.061000, 3.062000, 151.662003, -3.000000
-13.061000, 3.062000, 151.662003, 0.000000
-13.061000, 3.062000, 151.662003, 3.000000
-13.061000, 3.062000, 151.662003, 0.000000
-13.061000, 3.062000, 151.662003, 3.000000
-13.065000, 3.068000, 151.662003, 696.000000
-13.140000, 3.207000, 151.662003, 1022.500000
-13.202000, 3.322000, 151.604996, 1087.000000
-13.213000, 3.344000, 151.432999, 1099.500000
-13.248000, 3.408000, 151.375000, 1087.000000
-13.266000, 3.440000, 151.317993, 1383.000000
-13.290000, 3.485000, 151.317993, 1453.500000
-13.311000, 3.522000, 151.317993, 1497.000000
-13.342000, 3.578000, 151.375000, 1447.500000
-13.372000, 3.634000, 151.432999, 1441.000000
-13.424000, 3.729000, 151.432999, 1573.500000
-13.473000, 3.819000, 151.375000, 1555.500000
-13.562000, 3.983000, 151.375000, 1632.500000
-13.631000, 4.109000, 151.375000, 1657.000000
-13.732000, 4.294000, 151.317993, 1678.500000
-13.835000, 4.483000, 151.317993, 1669.500000
-13.973000, 4.736000, 151.317993, 1771.000000
-14.064000, 4.901000, 151.203995, 1678.500000
-14.221000, 5.186000, 151.145996, 1746.500000
-14.353000, 5.426000, 151.145996, 1783.500000
-14.524000, 5.735000, 151.089005, 1672.000000
-14.653000, 5.969000, 151.031998, 1666.000000
-14.827000, 6.284000, 151.089005, 1774.500000
-14.949000, 6.504000, 151.089005, 1700.500000
-15.137000, 6.845000, 151.089005, 1706.500000
-15.283000, 7.109000, 151.089005, 1703.500000
-15.441000, 7.395000, 150.917007, 1684.500000
-15.563000, 7.614000, 150.973999, 1694.000000
-15.741000, 7.936000, 150.973999, 1654.000000
-15.911000, 8.240000, 150.802002, 1727.500000
-16.057000, 8.501000, 150.572998, 1715.500000
-16.239000, 8.821000, 150.057999, 1734.000000
-16.382000, 9.068000, 149.770996, 1767.500000
-16.562000, 9.371000, 148.912003, 1737.000000
-16.718000, 9.627000, 148.223999, 1731.000000
-16.895000, 9.907000, 147.365005, 1734.000000
-17.054000, 10.153000, 146.619995, 1734.000000
-17.269000, 10.472000, 145.589005, 1792.500000
-17.409000, 10.673000, 144.729004, 1727.500000
-17.614000, 10.956000, 143.582993, 1712.500000
-17.758000, 11.149000, 142.552002, 1709.500000
-17.898000, 11.330000, 141.750000, 1669.500000
-17.990000, 11.443000, 140.776001, 1642.000000
-18.106000, 11.583000, 139.802002, 1626.000000
-18.180000, 11.670000, 139.401001, 1626.000000
-18.351000, 11.869000, 139.229004, 1638.500000
-18.494000, 12.034000, 139.113998, 1654.000000
-18.678000, 12.247000, 139.057007, 1638.500000
-18.816000, 12.405000, 139.000000, 1635.500000
-18.990000, 12.606000, 139.000000, 1650.500000
-19.156000, 12.796000, 139.000000, 1641.500000
-19.318000, 12.982000, 138.884995, 1626.000000
-19.505000, 13.196000, 138.712997, 1629.500000
-19.629000, 13.337000, 138.656006, 1657.000000
-19.817000, 13.550000, 138.427002, 1654.000000
-19.862000, 13.601000, 138.255005, 1614.000000
-19.862000, 13.601000, 138.255005, 1478.500000
-19.858000, 13.596000, -138.197000, 1229.000000
-19.853000, 13.591000, -138.197000, 945.500000
-19.829000, 13.563000, -138.255000, 6.000000
-19.791000, 13.521000, -138.197000, -3.000000
-19.767000, 13.494000, -138.197000, 3.000000
-19.763000, 13.489000, -138.140000, -3.000000
-19.748000, 13.473000, -138.140000, 0.000000
-19.739000, 13.463000, -138.083000, 0.000000
-19.739000, 13.463000, -138.083000, -3.000000
-19.739000, 13.463000, -138.083000, 0.000000
-19.730000, 13.453000, -138.083000, 0.000000
-19.730000, 13.453000, -138.083000, -3.000000
-19.730000, 13.453000, -138.083000, 3.000000
-19.730000, 13.453000, -138.083000, 6.000000
-19.730000, 13.453000, -138.083000, 0
endData