0, 0, 0.000000, 0, STOPPED, 0
0, 0, 0.000000, 0, STOPPED, 0
0, 0, 0.000000, 0, STOPPED, 0
0, 0, 0.000000, 0, STOPPED, 0
0, 0, 0.000000, 0, STOPPED, 0
0, 0, 0.000000, 0, STOPPED, 0
0, 0, 0.000000, 0, STOPPED, 0
0, 0, 0.000000, 0, STOPPED, 0
0, 0, 0.000000, 0, STOPPED, 0
0, 0, 0.000000, 0, STOPPED, 0
0, 0, 0.000000, 0, STOPPED, 0
0, 0, 0.000000, 0, STOPPED, 0
0, 0, 0.000000, 0, STOPPED, 0
0, 0, 0.000000, 0, STOPPED, 0
0, 0, 0.000000, 0, STOPPED, 0
0, 0, 0.000000, 0, STOPPED, 0
0, 0, 0.000000, 0, STOPPED, 0
0, 0, 0.000000, 0, STOPPED, 0
0, 0, 0.000000, 0, STOPPED, 0
0, 0, 0.000000, 0, STOPPED, 0
0, 0, 0.000000, 0, STOPPED, 0
0, 0, 0.000000, 0, STOPPED, 0
0, 0, 0.000000, 0, STOPPED, 0
0, 0, 0.000000, 0, STOPPED, 0
0, 0, 0.000000, 0, STOPPED, 0
0, 0, 0.000000, 0, STOPPED, 0
0, 0, 0.000000, 0, STOPPED, 0
0, 0, 0.000000, 0, STOPPED, 0
0, 0, 0.000000, 0, STOPPED, 0
0, 0, 0.000000, 0, STOPPED, 0
0, 0, 0.000000, 0, STOPPED, 0
0, 0, 0.000000, 0, STOPPED, 0
0, 0, 0.000000, 0, STOPPED, 0
0, 0, 0.000000, 0, STOPPED, 0
0, 0, 0.000000, 0, STOPPED, 0
0, 0, 0.000000, 0, STOPPED, 0
0, 0, 0.000000, 0, STOPPED, 0
0, 0, 0.000000, 0, STOPPED, 0
0, 0, 0.000000, 0, STOPPED, 0
0, 0, 0.000000, 0, STOPPED, 0
0, 0, 0.000000, 0, STOPPED, 0
0, 0, 0.000000, 0, STOPPED, 0
0, 0, 0.000000, 0, STOPPED, 0
0, 0, 0.000000, 0, STOPPED, 0
0, 0, 0.000000, 0, STOPPED, 0
0, 0, 0.000000, 0, STOPPED, 0
0, 0, 0.000000, 0, STOPPED, 0
0, 0, 0.000000, 0, STOPPED, 0
0, 0, 0.000000, 0, STOPPED, 0
0, 0, 0.000000, 0, STOPPED, 0
0, 0, 0.000000, 0, STOPPED, 0
0, 0, 0.000000, 0, STOPPED, 0
0, 0, 0.000000, 0, STOPPED, 0
0, 0, 0.000000, 0, STOPPED, 0
0, 0, 0.000000, 0, STOPPED, 0
0, 0, 0.000000, 0, STOPPED, 0
0, 0, 0.000000, 0, STOPPED, 0
0, 0, 0.000000, 0, STOPPED, 0
0, 0, 0.000000, 0, STOPPED, 0
0, 0, 0.000000, 0, STOPPED, 0
0, 0, 0.000000, 0, STOPPED, 0
0, 0, 0.000000, 0, STOPPED, 0
0, 0, 0.000000, 0, STOPPED, 0
0, 0, 0.000000, 0, STOPPED, 0
0, 0, 0.000000, 0, STOPPED, 0
0, 0, 0.000000, 0, STOPPED, 0
0, 0, 0.000000, 0, STOPPED, 0
0, 0, 0.000000, 0, STOPPED, 0
0, 0, 0.000000, 0, STOPPED, 0
0, 0, 0.000000, 0, STOPPED, 0
0, 0, 0.000000, 0, STOPPED, 0
0, 0, 0.000000, 0, STOPPED, 0
0, 0, 0.000000, 0, STOPPED, 0
0, 0, 0.000000, 0, STOPPED, 0
0, 0, 0.000000, 0, STOPPED, 0
0, 0, 0.000000, 0, STOPPED, 0
0, 0, 0.000000, 0, STOPPED, 0
0, 0, 0.000000, 0, STOPPED, 0
0, 0, 0.000000, 0, STOPPED, 0
0, 0, 0.000000, 0, STOPPED, 0
0, 0, 0.000000, 0, STOPPED, 0
0, 0, 0.000000, 0, STOPPED, 0
0, 0, 0.000000, 0, STOPPED, 0
0, 0, 0.000000, 0, STOPPED, 0
0, 0, 0.000000, 0, STOPPED, 0
0, 0, 0.000000, 0, STOPPED, 0
0, 0, 0.000000, 0, STOPPED, 0
0, 0, 0.000000, 0, STOPPED, 0
0, 0, 0.000000, 0, STOPPED, 0
0, 0, 0.000000, 0, STOPPED, 0
0, 0, 0.000000, 0, STOPPED, 0
0, 0, 0.000000, 0, STOPPED, 0
0, 0, 0.000000, 0, STOPPED, 0
0, 0, 0.000000, 0, STOPPED, 0
0, 0, 0.000000, 0, STOPPED, 0
0, 0, 0.000000, 0, STOPPED, 0
0, 0, 0.000000, 0, STOPPED, 0
0, 0, 0.000000, 0, STOPPED, 0
0, 0, 0.000000, 0, STOPPED, 0
0, 0, 0.000000, 0, STOPPED, 0
0, 0, 0.000000, 0, STOPPED, 0
0, 0, 0.000000, 0, STOPPED, 0
0, 0, 0.000000, 0, STOPPED, 0
0, 0, 0.000000, 0, STOPPED, 0
0, 0, 0.000000, 0, STOPPED, 0
0, 0, 0.000000, 0, STOPPED, 0
0, 1, 0.000000, 0, STOPPED, 0
0, 1, 0.000000, 0, STOPPED, 0
0, 1, 0.000000, 0, STOPPED, 0
0, 1, 0.000000, 0, STOPPED, 0
0, 1, 0.000000, 0, STOPPED, 0
0, 1, 0.000000, 0, STOPPED, 0
0, 1, 0.000000, 0, STOPPED, 0
0, 1, 0.000000, 0, STOPPED, 0
0, 1, 0.000000, 0, STOPPED, 0
0, 1, 0.000000, 0, STOPPED, 0
0, 1, 0.000000, 0, STOPPED, 0
0, 1, 0.000000, 0, STOPPED, 0
0, 1, 0.000000, 0, STOPPED, 0
0, 0, 0.000000, 0, STOPPED, 0
0, 0, 0.000000, 0, STOPPED, 0
0, 0, 0.000000, 0, STOPPED, 0
0, 0, 0.000000, 0, STOPPED, 0
0, 0, 0.000000, 0, STOPPED, 0
0, 0, 0.000000, 0, STOPPED, 0
0, 0, 0.000000, 0, STOPPED, 0
0, 0, 0.000000, 0, STOPPED, 0
0, 0, 0.000000, 0, STOPPED, 0
0, 0, 0.000000, 0, STOPPED, 0
0, 0, 0.000000, 0, STOPPED, 0
0, 0, 0.000000, 0, STOPPED, 0
0, 0, 0.000000, 0, STOPPED, 0
0, 0, 0.000000, 0, STOPPED, 0
0, 0, 0.000000, 0, STOPPED, 0
0, 0, 0.000000, 0, STOPPED, 0
0, 0, 0.000000, 0, STOPPED, 0
0, 0, 0.000000, 0, STOPPED, 0
0, 0, 0.000000, 0, STOPPED, 0
0, 0, 0.000000, 0, STOPPED, 0
0, 0, 0.000000, 0, STOPPED, 0
0, 0, 0.000000, 0, STOPPED, 0
0, 1, 0.000000, 0, STOPPED, 0
0, 1, 0.000000, 0, STOPPED, 0
0, 1, 0.000000, 0, STOPPED, 0
0, 1, 0.000000, 0, STOPPED, 0
0, 1, 0.000000, 0, STOPPED, 0
0, 1, 0.000000, 0, STOPPED, 0
0, 0, 0.000000, 0, STOPPED, 0
0, 0, 0.000000, 0, STOPPED, 0
0, 0, 0.000000, 0, STOPPED, 0
0, 0, 0.000000, 0, STOPPED, 0
0, 0, 0.000000, 0, STOPPED, 0
0, 0, 0.000000, 0, STOPPED, 0
0, 1, 0.000000, 0, STOPPED, 0
0, 1, 0.000000, 0, STOPPED, 0
0, 1, 0.000000, 0, STOPPED, 0
0, 1, 0.000000, 0, STOPPED, 0
0, 0, 0.000000, 0, STOPPED, 0
0, 0, 0.000000, 0, STOPPED, 0
0, 0, 0.000000, 0, STOPPED, 0
0, 0, 0.000000, 0, STOPPED, 0
0, 0, 0.000000, 0, STOPPED, 0
0, 0, 0.000000, 0, STOPPED, 0
0, 0, 0.000000, 0, STOPPED, 0
0, 0, 0.000000, 0, STOPPED, 0
0, 0, 0.000000, 0, STOPPED, 0
0, 0, 0.000000, 0, STOPPED, 0
0, 0, 0.000000, 0, STOPPED, 0
0, 0, 0.000000, 0, STOPPED, 0
0, 0, 0.000000, 0, STOPPED, 0
0, 0, 0.000000, 0, STOPPED, 0
0, 0, 0.000000, 0, STOPPED, 0
0, 0, 0.000000, 0, STOPPED, 0
0, 0, 0.000000, 0, STOPPED, -1
endData-0.000000, 0.006000, -0.057000, 0
endData