0.000000, 0.000000, 0.000000, -3.000000
0.000000, 0.000000, 0.000000, 3.000000
0.000000, 0.000000, 0.000000, 0.000000
0.000000, 0.007000, 0.000000, 0.000000
0.000000, 0.007000, 0.000000, 3.000000
0.000000, 0.007000, 0.000000, 0.000000
0.000000, 0.014000, 0.000000, 3.000000
0.000000, 0.014000, 0.000000, 0.000000
-0.000000, 0.008000, 0.057000, 0.000000
-0.000000, 0.033000, -0.172000, -3.000000
-0.000000, 0.052000, -0.344000, 0.000000
-0.000000, 0.052000, -0.344000, 3.000000
-0.000000, 0.039000, -0.229000, 0.000000
-0.000000, 0.033000, -0.172000, 0.000000
-0.000000, 0.052000, -0.344000, 0.000000
-0.000000, 0.058000, -0.401000, -6.000000
-0.000000, 0.039000, -0.229000, 0.000000
-0.000000, 0.046000, -0.286000, 0.000000
-0.000000, 0.046000, -0.286000, 3.000000
-0.000000, 0.039000, -0.229000, -3.000000
-0.000000, 0.046000, -0.286000, -3.000000
-0.000000, 0.046000, -0.286000, -3.000000
-0.000000, 0.046000, -0.286000, -3.000000
-0.000000, 0.046000, -0.286000, 0.000000
-0.000000, 0.046000, -0.286000, 0.000000
-0.000000, 0.046000, -0.286000, -3.000000
-0.000000, 0.046000, -0.286000, 0.000000
-0.000000, 0.046000, -0.286000, 0.000000
-0.000000, 0.046000, -0.286000, 0.000000
-0.000000, 0.046000, -0.286000, 3.000000
-0.000000, 0.046000, -0.286000, -3.000000
-0.000000, 0.046000, -0.286000, -3.000000
-0.000000, 0.046000, -0.286000, 3.000000
-0.000000, 0.046000, -0.286000, -3.000000
-0.000000, 0.046000, -0.286000, 3.000000
-0.000000, 0.046000, -0.286000, -3.000000
-0.000000, 0.046000, -0.286000, -3.000000
-0.000000, 0.046000, -0.286000, -3.000000
-0.000000, 0.046000, -0.286000, 3.000000
-0.000000, 0.046000, -0.286000, -3.000000
-0.000000, 0.046000, -0.286000, 0.000000
-0.000000, 0.046000, -0.286000, 0.000000
-0.000000, 0.046000, -0.286000, 265.000000
-0.001000, 0.139000, -0.286000, 994.500000
-0.001000, 0.226000, -0.286000, 1192.000000
-0.001000, 0.277000, -0.229000, 1207.500000
-0.002000, 0.356000, -0.229000, 1315.500000
-0.002000, 0.407000, -0.229000, 1383.000000
-0.002000, 0.500000, -0.229000, 1558.500000
-0.002000, 0.594000, -0.229000, 1589.000000
-0.003000, 0.752000, -0.229000, 1681.500000
-0.004000, 0.911000, -0.229000, 1767.500000
-0.005000, 1.112000, -0.229000, 1910.000000
-0.005000, 1.336000, -0.172000, 1916.000000
-0.006000, 1.641000, 0.000000, 1925.000000
-0.006000, 1.865000, 0.000000, 1915.500000
-0.005000, 2.233000, 0.057000, 1912.500000
-0.005000, 2.487000, 0.172000, 1814.000000
-0.004000, 2.855000, 0.229000, 1958.500000
-0.002000, 3.151000, 0.286000, 1937.000000
-0.000000, 3.577000, 0.344000, 1968.500000
0.002000, 3.938000, 0.401000, 1838.500000
0.005000, 4.277000, 0.458000, 1829.500000
0.009000, 4.710000, 0.516000, 1968.500000
0.011000, 4.976000, 0.516000, 1835.500000
0.015000, 5.396000, 0.630000, 1878.500000
0.019000, 5.749000, 0.688000, 1860.500000
0.024000, 6.118000, 0.802000, 1974.500000
0.029000, 6.457000, 0.802000, 1971.500000
0.035000, 6.897000, 0.859000, 1931.000000
0.041000, 7.279000, 0.917000, 1922.000000
0.047000, 7.633000, 0.974000, 1971.500000
0.055000, 8.065000, 0.974000, 1841.500000
0.060000, 8.367000, 0.974000, 1848.000000
0.068000, 8.829000, 1.031000, 1841.500000
0.074000, 9.153000, 1.031000, 1835.500000
0.081000, 9.521000, 1.089000, 1835.500000
0.087000, 9.853000, 1.146000, 1829.500000
0.095000, 10.257000, 1.203000, 1740.500000
0.101000, 10.531000, 1.261000, 1743.500000
0.110000, 10.927000, 1.261000, 1740.500000
0.117000, 11.252000, 1.318000, 1734.000000
0.126000, 11.606000, 1.375000, 1654.000000
0.133000, 11.916000, 1.432000, 1595.500000
0.142000, 12.276000, 1.432000, 1309.000000
0.147000, 12.470000, 1.432000, 80.500000
0.149000, 12.536000, 1.490000, 9.000000
0.152000, 12.666000, 1.490000, 6.000000
0.154000, 12.759000, 1.490000, 6.000000
0.155000, 12.788000, 1.490000, 0.000000
0.155000, 12.795000, 1.490000, -3.000000
0.155000, 12.788000, 1.490000, 6.000000
0.156000, 12.802000, 1.490000, 3.000000
0.161000, 12.991000, 1.604000, -6.500000
0.162000, 13.054000, 1.891000, -12.500000
0.162000, 13.036000, 2.578000, -9.500000
0.163000, 13.057000, 2.979000, -12.500000
0.161000, 13.036000, 3.839000, -9.500000
0.163000, 13.052000, 4.412000, -15.000000
0.161000, 13.039000, 5.329000, -9.000000
0.162000, 13.046000, 6.188000, 0.000000
0.163000, 13.058000, 7.391000, -9.500000
0.165000, 13.070000, 8.537000, -6.000000
0.169000, 13.090000, 10.199000, -6.000000
0.169000, 13.091000, 12.433000, -6.000000
0.175000, 13.117000, 13.636000, -9.000000
0.171000, 13.100000, 16.043000, -9.000000
0.179000, 13.126000, 17.647000, -6.000000
0.176000, 13.117000, 19.710000, -30.500000
0.185000, 13.144000, 21.429000, -27.500000
0.171000, 13.111000, 24.007000, -6.000000
0.198000, 13.170000, 25.325000, -6.000000
0.179000, 13.134000, 28.132000, -24.500000
0.197000, 13.166000, 29.908000, -21.500000
0.194000, 13.161000, 32.143000, -9.000000
0.206000, 13.180000, 33.919000, -6.000000
0.232000, 13.217000, 36.211000, -21.500000
0.208000, 13.185000, 38.159000, -27.500000
0.224000, 13.205000, 40.565000, -24.500000
0.184000, 13.160000, 43.029000, -30.500000
0.207000, 13.184000, 45.034000, -27.500000
0.165000, 13.143000, 47.555000, -24.500000
0.179000, 13.156000, 50.019000, -12.500000
0.164000, 13.143000, 52.311000, -12.500000
0.171000, 13.149000, 54.145000, -6.500000
0.145000, 13.131000, 56.608000, -9.500000
0.172000, 13.149000, 57.697000, -9.500000
0.158000, 13.141000, 59.759000, -9.500000
0.190000, 13.159000, 61.077000, -6.500000
0.196000, 13.162000, 62.796000, -6.000000
0.197000, 13.163000, 64.171000, -12.500000
0.222000, 13.175000, 65.890000, -12.500000
0.209000, 13.170000, 67.208000, -15.500000
0.242000, 13.183000, 68.870000, -9.500000
0.212000, 13.172000, 70.875000, -18.500000
0.215000, 13.173000, 71.964000, -15.500000
0.173000, 13.160000, 74.083000, -12.500000
0.189000, 13.164000, 75.516000, -9.500000
0.148000, 13.154000, 77.292000, -15.500000
0.111000, 13.146000, 78.495000, 3.000000
0.025000, 13.129000, 79.297000, -3.000000
0.013000, 13.127000, 79.412000, 0.000000
0.038000, 13.132000, 79.183000, 0.000000
0.044000, 13.133000, 79.125000, -6.000000
0.038000, 13.132000, 79.183000, 6.000000
0.030000, 13.130000, 79.125000, -995.000000
-0.223000, 13.082000, 79.240000, -1303.000000
-0.300000, 13.067000, 79.297000, -1524.500000
-0.401000, 13.048000, 79.183000, -1666.000000
-0.536000, 13.022000, 79.125000, -1678.500000
-0.713000, 12.988000, 79.125000, -1746.500000
-0.868000, 12.958000, 79.125000, -1684.500000
-1.116000, 12.911000, 79.125000, -1700.000000
-1.308000, 12.874000, 79.068000, -1715.500000
-1.583000, 12.820000, 79.068000, -1764.500000
-1.817000, 12.775000, 79.068000, -1709.500000
-2.086000, 12.723000, 79.011000, -1749.500000
-2.342000, 12.673000, 78.954000, -1719.000000
-2.674000, 12.609000, 78.954000, -1814.000000
-2.986000, 12.547000, 78.839000, -1722.000000
-3.248000, 12.496000, 78.839000, -1718.500000
-3.586000, 12.429000, 78.896000, -1718.500000
-3.819000, 12.383000, 78.896000, -2362.500000
-4.244000, 12.300000, 78.839000, -2590.500000
-4.591000, 12.231000, 78.782000, -2602.500000
-5.022000, 12.145000, 78.724000, -2569.000000
-5.441000, 12.061000, 78.610000, -2575.000000
-5.914000, 11.966000, 78.553000, -2578.000000
-6.368000, 11.873000, 78.438000, -2190.000000
-6.885000, 11.767000, 78.323000, -2156.000000
-7.286000, 11.684000, 78.323000, -2150.000000
-7.773000, 11.584000, 78.323000, -1962.000000
-8.110000, 11.514000, 78.381000, -1777.000000
-8.388000, 11.458000, 78.667000, -1765.000000
-8.843000, 11.369000, 79.355000, -1768.000000
-9.238000, 11.298000, 80.329000, -1768.000000
-9.627000, 11.235000, 81.360000, -1684.500000
-9.975000, 11.185000, 82.277000, -1749.500000
-10.434000, 11.128000, 83.480000, -1749.500000
-10.821000, 11.087000, 84.282000, -1768.000000
-11.320000, 11.039000, 84.912000, -1721.500000
-11.583000, 11.016000, 85.027000, -1715.500000
-11.885000, 10.990000, 85.027000, -1715.500000
-12.137000, 10.968000, 84.970000, -1703.000000
-12.387000, 10.946000, 85.027000, -1691.000000
-12.578000, 10.930000, 85.142000, -1690.500000
-12.808000, 10.910000, 85.142000, -1684.500000
-12.988000, 10.895000, 85.084000, -1690.500000
-13.190000, 10.877000, 85.027000, -1678.500000
-13.362000, 10.862000, 85.027000, -1681.500000
-13.585000, 10.843000, 85.027000, -1687.500000
-13.785000, 10.826000, 85.027000, -1684.500000
-13.950000, 10.811000, 85.027000, -1687.500000
-14.158000, 10.793000, 85.027000, -1678.500000
-14.296000, 10.781000, 84.970000, -1684.500000
-14.511000, 10.762000, 84.970000, -1681.500000
-14.683000, 10.747000, 84.970000, -1684.500000
-14.847000, 10.733000, 85.027000, -1687.500000
-15.048000, 10.715000, 85.027000, -1678.500000
-15.191000, 10.703000, 85.027000, -1688.000000
-15.393000, 10.685000, 84.970000, -1684.500000
-15.557000, 10.671000, 85.027000, -1678.500000
-15.729000, 10.656000, 85.027000, -1570.500000
-15.865000, 10.644000, 85.027000, -1349.000000
-16.017000, 10.631000, 84.970000, -1324.500000
-16.132000, 10.620000, 84.970000, -397.000000
-16.139000, 10.620000, 84.970000, -9.000000
-16.139000, 10.620000, 84.970000, -3.000000
-16.139000, 10.620000, 84.970000, -6.000000
-16.132000, 10.620000, 84.970000, -3.000000
-16.132000, 10.620000, 84.970000, -3.000000
-16.132000, 10.620000, 84.970000, 3.000000
-16.132000, 10.620000, 84.970000, 3.000000
-16.132000, 10.620000, 84.970000, -3.000000
-16.124000, 10.621000, 84.970000, -3.000000
-16.118000, 10.622000, 84.912000, -3.000000
-16.118000, 10.622000, 84.912000, 0.000000
-16.118000, 10.622000, 84.912000, 3.000000
-16.124000, 10.621000, 84.970000, -3.000000
-16.118000, 10.622000, 84.912000, 0.000000
-16.118000, 10.622000, 84.912000, -3.000000
-16.118000, 10.622000, 84.912000, -3.000000
-16.118000, 10.622000, 84.912000, 3.000000
-16.118000, 10.622000, 84.912000, 3.000000
-16.118000, 10.622000, 84.912000, -3.000000
-16.118000, 10.622000, 84.912000, -6.000000
-16.118000, 10.622000, 84.912000, -3.000000
-16.118000, 10.622000, 84.912000, -3.000000
-16.118000, 10.622000, 84.912000, -3.000000
-16.118000, 10.622000, 84.912000, 6.000000
-16.118000, 10.622000, 84.912000, 0.000000
-16.118000, 10.622000, 84.912000, 0.000000
-16.118000, 10.622000, 84.912000, 0.000000
-16.118000, 10.622000, 84.912000, 6.000000
-16.118000, 10.622000, 84.912000, -6.000000
-16.118000, 10.622000, 84.912000, 0.000000
-16.118000, 10.622000, 84.912000, 3.000000
-16.118000, 10.622000, 84.912000, 0.000000
-16.118000, 10.622000, 84.912000, 3.000000
-16.118000, 10.622000, 84.912000, 0.000000
-16.118000, 10.622000, 84.912000, -3.000000
-16.118000, 10.622000, 84.912000, 0.000000
-16.118000, 10.622000, 84.912000, 0.000000
-16.118000, 10.622000, 84.912000, 3.000000
-16.118000, 10.622000, 84.912000, 3.000000
-16.118000, 10.622000, 84.912000, 0.000000
-16.118000, 10.622000, 84.912000, 3.000000
-16.118000, 10.622000, 84.912000, 0.000000
-16.118000, 10.622000, 84.912000, -6.000000
-16.118000, 10.622000, 84.912000, 3.000000
-16.118000, 10.622000, 84.912000, -3.000000
-16.118000, 10.622000, 84.912000, 0.000000
-16.133000, 10.620000, 84.912000, 37.000000
-16.197000, 10.615000, 84.912000, 43.000000
-16.201000, 10.614000, 84.683000, 21.500000
-16.196000, 10.615000, 84.569000, 24.500000
-16.203000, 10.614000, 84.569000, 24.500000
-16.203000, 10.614000, 84.569000, 21.500000
-16.211000, 10.613000, 84.511000, 18.500000
-16.219000, 10.613000, 84.454000, 18.500000
-16.220000, 10.612000, 84.397000, 18.500000
-16.220000, 10.612000, 84.397000, 18.500000
-16.220000, 10.612000, 84.397000, 46.000000
-16.220000, 10.612000, 84.397000, 43.000000
-16.214000, 10.613000, 84.339000, 40.000000
-16.208000, 10.614000, 84.282000, 24.500000
-16.202000, 10.614000, 84.167000, 18.500000
-16.196000, 10.615000, 84.110000, 21.500000
-16.199000, 10.615000, 83.938000, -18.500000
-16.202000, 10.614000, 83.766000, 6.000000
-16.208000, 10.613000, 83.365000, 3.000000
-16.230000, 10.611000, 82.907000, 21.500000
-16.234000, 10.610000, 81.818000, 21.500000
-16.201000, 10.615000, 80.329000, 28.000000
-16.205000, 10.615000, 78.381000, 28.000000
-16.164000, 10.624000, 76.547000, 21.500000
-16.164000, 10.624000, 73.969000, 21.500000
-16.172000, 10.621000, 71.677000, 18.500000
-16.139000, 10.634000, 68.640000, 18.500000
-16.133000, 10.637000, 66.005000, 15.500000
-16.092000, 10.658000, 61.822000, 21.500000
-16.124000, 10.641000, 59.645000, 18.500000
-16.076000, 10.669000, 55.176000, 15.000000
-16.076000, 10.669000, 52.139000, 37.000000
-16.060000, 10.684000, 48.243000, 6.000000
-16.072000, 10.673000, 45.092000, 15.500000
-16.088000, 10.656000, 41.024000, 34.000000
-16.057000, 10.692000, 36.956000, 12.000000
-16.067000, 10.677000, 33.690000, 37.000000
-16.027000, 10.740000, 28.648000, 18.500000
-16.002000, 10.791000, 25.153000, 18.000000
-15.999000, 10.798000, 20.798000, 9.000000
-16.002000, 10.790000, 17.246000, 104.500000
-15.981000, 10.869000, 13.063000, 9.000000
-15.977000, 10.893000, 10.199000, 0.000000
-15.968000, 10.952000, 6.818000, -6.000000
-15.974000, 10.896000, 5.615000, -9.000000
-15.976000, 10.877000, 4.011000, 0.000000
-15.976000, 10.875000, 3.438000, 12.500000
-15.977000, 10.856000, 3.209000, 15.000000
-15.977000, 10.856000, 3.209000, 12.500000
-15.977000, 10.856000, 3.209000, 12.500000
-15.977000, 10.856000, 3.209000, 9.500000
-15.977000, 10.856000, 3.209000, 15.500000
-15.976000, 10.878000, 3.209000, 0.000000
-15.977000, 10.865000, 3.323000, -3.000000
-15.976000, 10.873000, 3.323000, 3.000000
-15.975000, 10.901000, 3.323000, 785.000000
-15.964000, 11.081000, 3.323000, 948.500000
-15.957000, 11.204000, 3.380000, 930.000000
-15.953000, 11.277000, 3.438000, 1019.500000
-15.950000, 11.321000, 3.495000, 1112.000000
-15.946000, 11.392000, 3.438000, 1256.500000
-15.941000, 11.471000, 3.438000, 1259.500000
-15.936000, 11.558000, 3.495000, 1266.000000
-15.930000, 11.652000, 3.495000, 1367.500000
-15.920000, 11.810000, 3.495000, 1380.000000
-15.914000, 11.909000, 3.438000, 1493.500000
-15.905000, 12.078000, 3.209000, 1580.000000
-15.893000, 12.290000, 2.979000, 1610.500000
-15.882000, 12.498000, 2.922000, 1632.500000
-15.873000, 12.678000, 2.979000, 1632.500000
-15.861000, 12.916000, 3.037000, 1694.000000
-15.850000, 13.128000, 2.807000, 1709.500000
-15.840000, 13.338000, 2.464000, 1712.500000
-15.825000, 13.743000, 1.719000, 1725.000000
-15.819000, 13.947000, 1.432000, 1703.500000
-15.814000, 14.252000, 0.688000, 1721.500000
-15.812000, 14.528000, 0.000000, 1724.500000
-15.813000, 14.735000, -0.573000, 1734.000000
-15.819000, 15.074000, -1.375000, 1749.000000
-15.827000, 15.351000, -2.063000, 1740.500000
-15.844000, 15.732000, -2.922000, 1746.500000
-15.860000, 16.023000, -3.610000, 1740.000000
-15.886000, 16.391000, -4.354000, 1734.000000
-15.910000, 16.691000, -4.870000, 1740.500000
-15.946000, 17.079000, -5.672000, 1731.000000
-15.972000, 17.330000, -6.073000, 1746.500000
-16.019000, 17.737000, -6.990000, 1755.500000
-16.058000, 18.043000, -7.506000, 1740.500000
-16.102000, 18.367000, -8.193000, 1737.000000
-16.149000, 18.675000, -8.938000, 1756.000000
-16.207000, 19.029000, -9.855000, 1740.000000
-16.255000, 19.294000, -10.600000, 1728.000000
-16.328000, 19.664000, -11.688000, 1734.000000
-16.390000, 19.954000, -12.490000, 1737.500000
-16.463000, 20.269000, -13.407000, 1737.000000
-16.554000, 20.637000, -14.439000, 1734.000000
-16.619000, 20.881000, -15.298000, 1737.000000
-16.724000, 21.251000, -16.387000, 1730.500000
-16.811000, 21.540000, -17.303000, 1743.500000
-16.911000, 21.850000, -18.449000, 1734.000000
-17.009000, 22.136000, -19.366000, 1740.500000
-17.147000, 22.513000, -20.741000, 1737.000000
-17.231000, 22.731000, -21.429000, 1740.500000
-17.388000, 23.116000, -22.861000, 1737.000000
-17.510000, 23.398000, -23.835000, 1768.000000
-17.657000, 23.720000, -25.096000, 1743.000000
-17.793000, 24.005000, -26.012000, 1762.000000
-17.975000, 24.367000, -27.215000, 1758.500000
-18.154000, 24.706000, -28.419000, 1743.000000
-18.305000, 24.981000, -29.450000, 1716.000000
-18.499000, 25.316000, -30.424000, 1724.500000
-18.654000, 25.575000, -31.341000, 1722.000000
-18.856000, 25.901000, -32.086000, 1718.500000
-19.024000, 26.165000, -32.716000, 1755.500000
-19.313000, 26.612000, -33.174000, 1715.500000
-19.505000, 26.903000, -33.461000, 1721.500000
-19.678000, 27.165000, -33.633000, 1712.500000
-19.822000, 27.380000, -33.633000, 1703.000000
-20.013000, 27.668000, -33.633000, 1651.000000
-20.145000, 27.867000, -33.575000, 1697.000000
-20.336000, 28.155000, -33.575000, 1691.000000
-20.523000, 28.437000, -33.575000, 1706.500000
-20.674000, 28.665000, -33.575000, 1697.000000
-20.857000, 28.940000, -33.633000, 1685.000000
-20.961000, 29.096000, -33.575000, 1660.000000
-21.173000, 29.415000, -33.518000, 1743.000000
-21.337000, 29.665000, -33.289000, 1731.000000
-21.510000, 29.930000, -32.888000, 1746.500000
-21.668000, 30.177000, -32.143000, 1768.000000
-21.865000, 30.497000, -31.169000, 1903.500000
-21.987000, 30.701000, -30.309000, 1910.000000
-22.171000, 31.024000, -29.164000, 1922.000000
-22.323000, 31.301000, -28.304000, 1925.000000
-22.451000, 31.542000, -27.502000, 1851.000000
-22.626000, 31.881000, -27.101000, 1857.500000
-22.797000, 32.216000, -26.986000, 1854.500000
-22.921000, 32.460000, -26.929000, 1857.500000
-23.110000, 32.833000, -26.929000, 1869.500000
-23.225000, 33.058000, -26.872000, 1860.500000
-23.401000, 33.406000, -26.814000, 1863.500000
-23.544000, 33.689000, -26.814000, 1869.500000
-23.706000, 34.011000, -26.757000, 1875.500000
-23.845000, 34.286000, -26.814000, 1866.500000
-24.040000, 34.671000, -26.872000, 1866.500000
-24.164000, 34.915000, -26.872000, 1875.500000
-24.349000, 35.282000, -26.814000, 1875.500000
-24.499000, 35.578000, -26.814000, 1869.500000
-24.658000, 35.894000, -26.757000, 1878.500000
-24.785000, 36.145000, -26.700000, 1863.500000
-24.966000, 36.507000, -26.585000, 1866.500000
-25.118000, 36.812000, -26.471000, 1869.500000
-25.247000, 37.070000, -26.413000, 1860.500000
-25.398000, 37.373000, -26.413000, 1869.500000
-25.532000, 37.645000, -26.356000, 1857.500000
-25.705000, 37.993000, -26.356000, 1866.500000
-25.820000, 38.226000, -26.356000, 1866.500000
-26.003000, 38.594000, -26.299000, 1872.500000
-26.121000, 38.834000, -26.241000, 1869.500000
-26.290000, 39.177000, -26.184000, 1869.500000
-26.418000, 39.437000, -26.070000, 1878.500000
-26.589000, 39.788000, -25.955000, 1872.500000
-26.709000, 40.034000, -25.955000, 1878.500000
-26.885000, 40.397000, -25.955000, 1866.500000
-27.018000, 40.669000, -25.955000, 1866.500000
-27.172000, 40.986000, -25.955000, 1872.500000
-27.314000, 41.277000, -25.955000, 1881.500000
-27.484000, 41.627000, -25.955000, 1866.500000
-27.604000, 41.874000, -25.898000, 1872.500000
-27.780000, 42.236000, -25.898000, 1906.500000
-27.922000, 42.529000, -25.840000, 1869.500000
-28.066000, 42.828000, -25.783000, 1869.500000
-28.210000, 43.126000, -25.783000, 1857.500000
-28.379000, 43.476000, -25.783000, 1872.500000
-28.495000, 43.716000, -25.783000, 1875.500000
-28.677000, 44.092000, -25.783000, 1872.500000
-28.799000, 44.347000, -25.669000, 1863.500000
-28.949000, 44.659000, -25.611000, 1878.500000
-29.124000, 45.023000, -25.611000, 1906.500000
-29.257000, 45.302000, -25.611000, 1863.500000
-29.410000, 45.620000, -25.611000, 1884.500000
-29.553000, 45.919000, -25.611000, 1906.500000
-29.728000, 46.282000, -25.611000, 1869.500000
-29.849000, 46.535000, -25.611000, 1875.500000
-30.039000, 46.930000, -25.669000, 1885.000000
-30.167000, 47.197000, -25.611000, 1872.500000
-30.338000, 47.553000, -25.669000, 1878.500000
-30.472000, 47.833000, -25.611000, 1909.500000
-30.678000, 48.263000, -25.554000, 1869.500000
-30.821000, 48.562000, -25.554000, 1878.500000
-31.007000, 48.951000, -25.554000, 1872.500000
-31.122000, 49.193000, -25.497000, 1885.000000
-31.305000, 49.576000, -25.497000, 1881.500000
-31.463000, 49.907000, -25.497000, 1903.000000
-31.627000, 50.253000, -25.439000, 1903.000000
-31.779000, 50.571000, -25.439000, 1913.000000
-31.977000, 50.988000, -25.382000, 1863.500000
-32.095000, 51.236000, -25.325000, 1869.500000
-32.298000, 51.666000, -25.325000, 1881.500000
-32.449000, 51.985000, -25.325000, 1881.500000
-32.613000, 52.332000, -25.210000, 1906.500000
-32.763000, 52.652000, -25.153000, 1878.500000
-32.959000, 53.069000, -25.153000, 1906.500000
-33.082000, 53.330000, -25.096000, 1881.500000
-33.277000, 53.748000, -25.096000, 1897.500000
-33.433000, 54.082000, -24.981000, 1925.000000
-33.610000, 54.463000, -24.809000, 1900.000000
-33.771000, 54.813000, -24.580000, 1958.500000
-33.967000, 55.246000, -24.179000, 1891.500000
-34.107000, 55.557000, -24.007000, 1918.500000
-34.304000, 56.004000, -23.606000, 1903.500000
-34.447000, 56.333000, -23.262000, 1940.000000
-34.601000, 56.694000, -23.033000, 1918.500000
-34.751000, 57.047000, -22.918000, 1916.000000
-34.922000, 57.452000, -22.918000, 1919.000000
-35.039000, 57.730000, -22.976000, 1900.000000
-35.225000, 58.167000, -22.976000, 1906.500000
-35.357000, 58.479000, -22.976000, 1906.500000
-35.511000, 58.843000, -22.976000, 1910.000000
-35.646000, 59.160000, -23.033000, 1881.500000
-35.821000, 59.571000, -23.033000, 1903.000000
-35.936000, 59.843000, -23.033000, 1875.500000
-36.111000, 60.255000, -22.976000, 1906.500000
-36.282000, 60.660000, -22.918000, 1906.500000
-36.386000, 60.906000, -22.861000, 1878.500000
-36.554000, 61.304000, -22.861000, 1906.500000
-36.685000, 61.616000, -22.861000, 1888.000000
-36.831000, 61.962000, -22.804000, 1884.500000
-36.954000, 62.254000, -22.804000, 1881.500000
-37.121000, 62.652000, -22.804000, 1900.000000
-37.219000, 62.885000, -22.746000, 1869.500000
-37.386000, 63.284000, -22.746000, 1872.500000
-37.512000, 63.582000, -22.746000, 1881.500000
-37.651000, 63.915000, -22.689000, 1878.500000
-37.779000, 64.221000, -22.689000, 1878.500000
-37.940000, 64.606000, -22.689000, 1875.500000
-38.048000, 64.865000, -22.689000, 1854.000000
-38.228000, 65.296000, -22.746000, 1925.000000
-38.368000, 65.628000, -22.746000, 1928.000000
-38.515000, 65.980000, -22.746000, 1866.500000
-38.649000, 66.299000, -22.689000, 1888.000000
-38.808000, 66.679000, -22.632000, 1866.000000
-38.932000, 66.977000, -22.689000, 1931.000000
-39.102000, 67.381000, -22.746000, 1881.500000
-39.269000, 67.780000, -22.746000, 1916.000000
-39.386000, 68.058000, -22.746000, 1928.000000
-39.564000, 68.484000, -22.689000, 1931.000000
-39.694000, 68.796000, -22.746000, 1872.500000
-39.834000, 69.127000, -22.746000, 1478.000000
-39.881000, 69.240000, -22.746000, 6.000000
-39.951000, 69.407000, -22.689000, 12.000000
-40.020000, 69.572000, -22.746000, 6.000000
-40.045000, 69.631000, -22.804000, 3.000000
-40.081000, 69.718000, -22.804000, 3.000000
-40.084000, 69.724000, -22.804000, 0.000000
-40.086000, 69.730000, -22.861000, 0.000000
-40.086000, 69.730000, -22.861000, 0.000000
-40.086000, 69.729000, -22.918000, 3.000000
-40.081000, 69.718000, -22.804000, -3.000000
-40.081000, 69.718000, -22.804000, -3.000000
-40.086000, 69.729000, -22.918000, 3.000000
-40.086000, 69.729000, -22.918000, 0.000000
-40.083000, 69.723000, -22.861000, 6.000000
-40.083000, 69.723000, -22.861000, 0.000000
-40.086000, 69.730000, -22.861000, 0.000000
-40.084000, 69.724000, -22.804000, 3.000000
-40.084000, 69.724000, -22.804000, 0.000000
-40.086000, 69.730000, -22.861000, 0.000000
-40.089000, 69.736000, -22.918000, 0.000000
-40.086000, 69.730000, -22.861000, 0.000000
-40.086000, 69.730000, -22.861000, 6.000000
-40.086000, 69.730000, -22.861000, -3.000000
-40.086000, 69.730000, -22.861000, 0.000000
-40.086000, 69.730000, -22.861000, 3.000000
-40.086000, 69.730000, -22.861000, 0.000000
-40.086000, 69.730000, -22.861000, 0.000000
-40.086000, 69.730000, -22.861000, 0.000000
-40.086000, 69.730000, -22.861000, -3.000000
-40.084000, 69.724000, -22.804000, 6.000000
-40.086000, 69.730000, -22.861000, 0.000000
-40.084000, 69.724000, -22.804000, 0.000000
-40.084000, 69.724000, -22.804000, 6.000000
-40.084000, 69.724000, -22.804000, -3.000000
-40.084000, 69.724000, -22.804000, 0.000000
-40.084000, 69.724000, -22.804000, -3.000000
-40.084000, 69.724000, -22.804000, -3.000000
-40.084000, 69.724000, -22.804000, 0.000000
-40.084000, 69.724000, -22.804000, -6.000000
-40.084000, 69.724000, -22.804000, -3.000000
-40.084000, 69.724000, -22.804000, 0.000000
-40.084000, 69.724000, -22.804000, 3.000000
-40.084000, 69.724000, -22.804000, -3.000000
-40.084000, 69.724000, -22.804000, 3.000000
-40.084000, 69.724000, -22.804000, 3.000000
-40.084000, 69.724000, -22.804000, 3.000000
-40.084000, 69.724000, -22.804000, 0.000000
-40.084000, 69.724000, -22.804000, 0.000000
-40.084000, 69.724000, -22.804000, 3.000000
-40.084000, 69.724000, -22.804000, 0.000000
-40.084000, 69.724000, -22.804000, 3.000000
-40.084000, 69.724000, -22.804000, 0.000000
-40.084000, 69.724000, -22.804000, 0.000000
-40.084000, 69.724000, -22.804000, 3.000000
-40.084000, 69.724000, -22.804000, 0.000000
-40.084000, 69.724000, -22.804000, 0.000000
-40.084000, 69.724000, -22.804000, 0.000000
-40.084000, 69.724000, -22.804000, 3.000000
-40.084000, 69.724000, -22.804000, 0.000000
-40.084000, 69.724000, -22.804000, 0.000000
-40.084000, 69.724000, -22.804000, 0.000000
-40.084000, 69.724000, -22.804000, 0.000000
-40.084000, 69.724000, -22.804000, 0.000000
-40.084000, 69.724000, -22.804000, 3.000000
-40.084000, 69.724000, -22.804000, 3.000000
-40.084000, 69.724000, -22.804000, -3.000000
-40.084000, 69.724000, -22.804000, 0.000000
-40.084000, 69.724000, -22.804000, -3.000000
-40.084000, 69.724000, -22.804000, 3.000000
-40.084000, 69.724000, -22.804000, -3.000000
-40.084000, 69.724000, -22.804000, 3.000000
-40.084000, 69.724000, -22.804000, 3.000000
-40.084000, 69.724000, -22.804000, -3.000000
-40.084000, 69.724000, -22.804000, 0.000000
-40.084000, 69.724000, -22.804000, -6.000000
-40.084000, 69.724000, -22.804000, 3.000000
-40.084000, 69.724000, -22.804000, 0.000000
-40.084000, 69.724000, -22.804000, 3.000000
-40.084000, 69.724000, -22.804000, -3.000000
-40.084000, 69.724000, -22.804000, 6.000000
-40.084000, 69.724000, -22.804000, 3.000000
-40.084000, 69.724000, -22.804000, 0.000000
-40.084000, 69.724000, -22.804000, -3.000000
-40.084000, 69.724000, -22.804000, 0.000000
-40.084000, 69.724000, -22.804000, 0.000000
-40.084000, 69.724000, -22.804000, -3.000000
-40.084000, 69.724000, -22.804000, 0.000000
-40.084000, 69.724000, -22.804000, 0.000000
-40.084000, 69.724000, -22.804000, 0.000000
-40.084000, 69.724000, -22.804000, 0.000000
-40.084000, 69.724000, -22.804000, 0.000000
-40.084000, 69.724000, -22.804000, 0.000000
-40.084000, 69.724000, -22.804000, -3.000000
-40.084000, 69.724000, -22.804000, 0.000000
-40.084000, 69.724000, -22.804000, 3.000000
-40.084000, 69.724000, -22.804000, -3.000000
-40.084000, 69.724000, -22.804000, 6.000000
-40.084000, 69.724000, -22.804000, 0.000000
-40.084000, 69.724000, -22.804000, 3.000000
-40.084000, 69.724000, -22.804000, 3.000000
-40.084000, 69.724000, -22.804000, -3.000000
-40.084000, 69.724000, -22.804000, 0.000000
-40.084000, 69.724000, -22.804000, 0.000000
-40.084000, 69.724000, -22.804000, 0.000000
-40.084000, 69.724000, -22.804000, 6.000000
-40.084000, 69.724000, -22.804000, 0.000000
-40.084000, 69.724000, -22.804000, 6.000000
-40.084000, 69.724000, -22.804000, 3.000000
-40.084000, 69.724000, -22.804000, 0.000000
-40.084000, 69.724000, -22.804000, -3.000000
-40.084000, 69.724000, -22.804000, 0.000000
-40.084000, 69.724000, -22.804000, 0.000000
-40.084000, 69.724000, -22.804000, 3.000000
-40.084000, 69.724000, -22.804000, 0.000000
-40.081000, 69.718000, -22.746000, 0.000000
-40.084000, 69.724000, -22.804000, 0.000000
-40.086000, 69.730000, -22.861000, -3.000000
-40.081000, 69.718000, -22.746000, -3.000000
-40.074000, 69.701000, -22.575000, -3.000000
-40.081000, 69.718000, -22.746000, 0.000000
-40.084000, 69.724000, -22.804000, 0.000000
-40.081000, 69.718000, -22.746000, -6.000000
-40.081000, 69.718000, -22.746000, 3.000000
-40.081000, 69.718000, -22.746000, 0.000000
-40.081000, 69.718000, -22.746000, -3.000000
-40.081000, 69.718000, -22.746000, -3.000000
-40.081000, 69.718000, -22.746000, 3.000000
-40.081000, 69.718000, -22.746000, 0.000000
-40.081000, 69.718000, -22.746000, 0.000000
-40.081000, 69.718000, -22.746000, 3.000000
-40.081000, 69.718000, -22.746000, 0.000000
-40.081000, 69.718000, -22.746000, -3.000000
-40.081000, 69.718000, -22.746000, 3.000000
-40.081000, 69.718000, -22.746000, 3.000000
-40.081000, 69.718000, -22.746000, 0.000000
-40.081000, 69.718000, -22.746000, -3.000000
-40.081000, 69.718000, -22.746000, 3.000000
-40.081000, 69.718000, -22.746000, 3.000000
-40.081000, 69.718000, -22.746000, 0.000000
-40.081000, 69.718000, -22.746000, 3.000000
-40.081000, 69.718000, -22.746000, 3.000000
-40.081000, 69.718000, -22.746000, -3.000000
-40.081000, 69.718000, -22.746000, 3.000000
-40.081000, 69.718000, -22.746000, 0.000000
-40.081000, 69.718000, -22.746000, 6.000000
-40.081000, 69.718000, -22.746000, 0.000000
-40.081000, 69.718000, -22.746000, 0.000000
-40.081000, 69.718000, -22.746000, 0.000000
-40.081000, 69.718000, -22.746000, 3.000000
-40.081000, 69.718000, -22.746000, 3.000000
-40.081000, 69.718000, -22.746000, 0.000000
-40.081000, 69.718000, -22.746000, 0.000000
-40.079000, 69.713000, -22.689000, 0.000000
-40.079000, 69.713000, -22.689000, 3.000000
-40.079000, 69.713000, -22.689000, 0.000000
-40.079000, 69.713000, -22.689000, 0.000000
-40.079000, 69.713000, -22.689000, -3.000000
-40.079000, 69.713000, -22.689000, -3.000000
-40.079000, 69.713000, -22.689000, 0.000000
-40.079000, 69.713000, -22.689000, 3.000000
-40.079000, 69.713000, -22.689000, 0.000000
-40.079000, 69.713000, -22.689000, -3.000000
-40.079000, 69.713000, -22.689000, 3.000000
-40.079000, 69.713000, -22.689000, 3.000000
-40.079000, 69.713000, -22.689000, 3.000000
-40.079000, 69.713000, -22.689000, 3.000000
-40.079000, 69.713000, -22.689000, 0.000000
-40.079000, 69.713000, -22.689000, 6.000000
-40.079000, 69.713000, -22.689000, 3.000000
-40.079000, 69.713000, -22.689000, -3.000000
-40.079000, 69.713000, -22.689000, 0.000000
-40.082000, 69.719000, -22.689000, -3.000000
-40.082000, 69.719000, -22.689000, -3.000000
-40.087000, 69.733000, -22.689000, 0.000000
-40.090000, 69.739000, -22.689000, 3.000000
-40.095000, 69.752000, -22.746000, -3.000000
-40.101000, 69.765000, -22.746000, 3.000000
-40.104000, 69.773000, -22.632000, -3.000000
-40.110000, 69.787000, -22.632000, 3.000000
-40.120000, 69.811000, -22.746000, -3.000000
-40.126000, 69.825000, -22.746000, 3.000000
-40.131000, 69.838000, -22.746000, 3.000000
-40.131000, 69.838000, -22.746000, -3.000000
-40.129000, 69.832000, -22.689000, 0.000000
-40.129000, 69.832000, -22.689000, 3.000000
-40.129000, 69.832000, -22.689000, 0.000000
-40.129000, 69.832000, -22.689000, 3.000000
-40.129000, 69.832000, -22.689000, 0.000000
-40.129000, 69.832000, -22.689000, 3.000000
-40.129000, 69.832000, -22.689000, -6.000000
-40.129000, 69.832000, -22.689000, -3.000000
-40.129000, 69.832000, -22.689000, 0.000000
-40.129000, 69.832000, -22.689000, 3.000000
-40.129000, 69.832000, -22.689000, 3.000000
-40.129000, 69.832000, -22.689000, 3.000000
-40.129000, 69.832000, -22.689000, 3.000000
-40.129000, 69.832000, -22.689000, 0.000000
-40.129000, 69.832000, -22.689000, 0.000000
-40.129000, 69.832000, -22.689000, -3.000000
-40.129000, 69.832000, -22.689000, 3.000000
-40.129000, 69.832000, -22.689000, 3.000000
-40.129000, 69.832000, -22.689000, 3.000000
-40.129000, 69.832000, -22.689000, -3.000000
-40.129000, 69.832000, -22.689000, 3.000000
-40.129000, 69.832000, -22.689000, -3.000000
-40.129000, 69.832000, -22.689000, 0.000000
-40.129000, 69.832000, -22.689000, 3.000000
-40.129000, 69.832000, -22.689000, 3.000000
-40.129000, 69.832000, -22.689000, 0.000000
-40.129000, 69.832000, -22.689000, -3.000000
-40.129000, 69.832000, -22.689000, 0.000000
-40.129000, 69.832000, -22.689000, 0.000000
-40.129000, 69.832000, -22.689000, 0.000000
-40.129000, 69.832000, -22.689000, -3.000000
-40.129000, 69.832000, -22.689000, 3.000000
-40.129000, 69.832000, -22.689000, 3.000000
-40.129000, 69.832000, -22.689000, 0.000000
-40.129000, 69.832000, -22.689000, 0.000000
-40.129000, 69.832000, -22.689000, 3.000000
-40.129000, 69.832000, -22.689000, 3.000000
-40.129000, 69.832000, -22.689000, 3.000000
-40.129000, 69.832000, -22.689000, 0.000000
-40.129000, 69.832000, -22.689000, 6.000000
-40.129000, 69.832000, -22.689000, 0.000000
-40.129000, 69.832000, -22.689000, 0.000000
-40.129000, 69.832000, -22.689000, 3.000000
-40.129000, 69.832000, -22.689000, 0.000000
-40.129000, 69.832000, -22.689000, -3.000000
-40.129000, 69.832000, -22.689000, -3.000000
-40.129000, 69.832000, -22.689000, 3.000000
-40.129000, 69.832000, -22.689000, -3.000000
-40.129000, 69.832000, -22.689000, 0.000000
-40.129000, 69.832000, -22.689000, 0.000000
-40.129000, 69.832000, -22.689000, 3.000000
-40.129000, 69.832000, -22.689000, 0.000000
-40.129000, 69.832000, -22.689000, 0.000000
-40.129000, 69.832000, -22.689000, 0.000000
-40.129000, 69.832000, -22.689000, 3.000000
-40.129000, 69.832000, -22.689000, -3.000000
-40.129000, 69.832000, -22.689000, -3.000000
-40.129000, 69.832000, -22.689000, 0.000000
-40.129000, 69.832000, -22.689000, 0.000000
-40.129000, 69.832000, -22.689000, -3.000000
-40.129000, 69.832000, -22.689000, 0.000000
-40.129000, 69.832000, -22.689000, 3.000000
-40.129000, 69.832000, -22.689000, -3.000000
-40.129000, 69.832000, -22.689000, 3.000000
-40.129000, 69.832000, -22.689000, -3.000000
-40.129000, 69.832000, -22.689000, 0.000000
-40.129000, 69.832000, -22.689000, 3.000000
-40.129000, 69.832000, -22.689000, -3.000000
-40.129000, 69.832000, -22.689000, 3.000000
-40.129000, 69.832000, -22.689000, 0.000000
-40.129000, 69.832000, -22.689000, -3.000000
-40.129000, 69.832000, -22.689000, 0.000000
-40.129000, 69.832000, -22.689000, -3.000000
-40.129000, 69.832000, -22.689000, 0.000000
-40.129000, 69.832000, -22.689000, 3.000000
-40.129000, 69.832000, -22.689000, 0.000000
-40.129000, 69.832000, -22.689000, -3.000000
-40.129000, 69.832000, -22.689000, -3.000000
-40.129000, 69.832000, -22.689000, 6.000000
-40.129000, 69.832000, -22.689000, 0.000000
-40.129000, 69.832000, -22.689000, 0.000000
-40.129000, 69.832000, -22.689000, 0.000000
-40.129000, 69.832000, -22.689000, 3.000000
-40.129000, 69.832000, -22.689000, 6.000000
-40.129000, 69.832000, -22.689000, 3.000000
-40.129000, 69.832000, -22.689000, 3.000000
-40.129000, 69.832000, -22.689000, 3.000000
-40.129000, 69.832000, -22.689000, 0.000000
-40.129000, 69.832000, -22.689000, 3.000000
-40.129000, 69.832000, -22.689000, 3.000000
-40.129000, 69.832000, -22.689000, 3.000000
-40.129000, 69.832000, -22.689000, 3.000000
-40.129000, 69.832000, -22.689000, -6.000000
-40.129000, 69.832000, -22.689000, 3.000000
-40.129000, 69.832000, -22.689000, -3.000000
-40.129000, 69.832000, -22.689000, 3.000000
-40.129000, 69.832000, -22.689000, -6.000000
-40.118000, 69.806000, -22.689000, -511.500000
-40.107000, 69.779000, -22.689000, -3.000000
-40.082000, 69.719000, -22.689000, -256.000000
-40.085000, 69.726000, -22.689000, -733.000000
-40.085000, 69.726000, -22.689000, 0.000000
-40.076000, 69.706000, -22.689000, -847.000000
-40.071000, 69.694000, -22.632000, -853.000000
-40.071000, 69.693000, -22.689000, -379.000000
-40.062000, 69.673000, -22.689000, -853.000000
-40.062000, 69.673000, -22.689000, -853.000000
-40.062000, 69.673000, -22.689000, -850.000000
-40.062000, 69.673000, -22.689000, -234.000000
-40.065000, 69.679000, -22.689000, -311.000000
-40.062000, 69.673000, -22.689000, -46.500000
-40.065000, 69.679000, -22.689000, 0.000000
-40.062000, 69.673000, -22.689000, -588.500000
-40.062000, 69.673000, -22.689000, -175.500000
-40.062000, 69.673000, -22.689000, -172.500000
-40.062000, 69.673000, -22.689000, -3.000000
-40.062000, 69.673000, -22.689000, -788.500000
-40.062000, 69.673000, -22.689000, -55.000000
-40.057000, 69.659000, -22.689000, -517.500000
-40.060000, 69.666000, -22.689000, -656.000000
-40.057000, 69.659000, -22.689000, -847.000000
-40.057000, 69.659000, -22.689000, -114.000000
-40.057000, 69.659000, -22.689000, -844.000000
-40.057000, 69.659000, -22.689000, -62.000000
-40.057000, 69.659000, -22.689000, -643.500000
-40.057000, 69.659000, -22.689000, 0.000000
-40.057000, 69.659000, -22.689000, -844.000000
-40.057000, 69.659000, -22.689000, -850.500000
-40.057000, 69.659000, -22.689000, -653.000000
-40.054000, 69.653000, -22.689000, -216.000000
-40.054000, 69.653000, -22.689000, -837.500000
-40.051000, 69.646000, -22.689000, -803.500000
-40.048000, 69.640000, -22.689000, -840.500000
-40.048000, 69.640000, -22.689000, -844.000000
-40.048000, 69.640000, -22.689000, -594.500000
-40.046000, 69.633000, -22.689000, -918.000000
-40.043000, 69.627000, -22.632000, -958.000000
-40.040000, 69.620000, -22.689000, -961.000000
-40.040000, 69.620000, -22.689000, -952.000000
-40.038000, 69.614000, -22.632000, -954.500000
-40.038000, 69.614000, -22.632000, -951.500000
-40.029000, 69.594000, -22.632000, -955.000000
-40.027000, 69.587000, -22.632000, -955.000000
-40.023000, 69.580000, -22.689000, -955.000000
-40.023000, 69.580000, -22.689000, -948.500000
-40.018000, 69.567000, -22.632000, -994.500000
-40.010000, 69.547000, -22.632000, -1281.500000
-40.007000, 69.540000, -22.689000, -1299.500000
-39.993000, 69.508000, -22.632000, -1296.500000
-39.982000, 69.480000, -22.689000, -1303.000000
-39.974000, 69.460000, -22.689000, -1506.000000
-39.957000, 69.420000, -22.689000, -1607.500000
-39.935000, 69.367000, -22.689000, -1555.500000
-39.907000, 69.301000, -22.689000, -1660.000000
-39.879000, 69.234000, -22.689000, -1669.500000
-39.840000, 69.141000, -22.689000, -1755.500000
-39.790000, 69.022000, -22.689000, -1881.500000
-39.734000, 68.888000, -22.746000, -1881.500000
-39.650000, 68.688000, -22.804000, -1906.500000
-39.589000, 68.541000, -22.861000, -1808.000000
-39.493000, 68.315000, -22.918000, -1916.000000
-39.408000, 68.115000, -22.976000, -1912.500000
-39.312000, 67.888000, -23.090000, -1903.500000
-39.218000, 67.669000, -23.147000, -1922.000000
-39.087000, 67.364000, -23.205000, -1922.000000
-39.010000, 67.184000, -23.262000, -1808.000000
-38.881000, 66.885000, -23.377000, -1925.000000
-38.774000, 66.639000, -23.491000, -1943.500000
-38.661000, 66.380000, -23.606000, -1925.000000
-38.553000, 66.134000, -23.720000, -1919.000000
-38.413000, 65.816000, -23.835000, -1946.500000
-38.317000, 65.598000, -23.892000, -1869.500000
-38.181000, 65.294000, -24.007000, -1949.500000
-38.040000, 64.977000, -24.064000, -1946.500000
-37.943000, 64.759000, -24.122000, -1946.500000
-37.804000, 64.450000, -24.179000, -1906.500000
-37.697000, 64.212000, -24.236000, -1955.500000
-37.564000, 63.917000, -24.236000, -1928.000000
-37.455000, 63.673000, -24.293000, -1811.000000
-37.315000, 63.364000, -24.351000, -1820.500000
-37.213000, 63.140000, -24.408000, -1949.500000
-37.067000, 62.818000, -24.465000, -1866.500000
-36.950000, 62.562000, -24.523000, -1817.500000
-36.822000, 62.280000, -24.523000, -1922.000000
-36.696000, 62.004000, -24.580000, -1795.500000
-36.540000, 61.666000, -24.866000, -1844.500000
-36.432000, 61.434000, -25.153000, -1786.500000
-36.275000, 61.105000, -25.840000, -1838.500000
-36.138000, 60.825000, -26.413000, -1515.500000
-36.003000, 60.557000, -27.158000, -1109.000000
-35.888000, 60.337000, -27.788000, -785.500000
-35.793000, 60.158000, -28.705000, -43.000000
-35.754000, 60.088000, -29.622000, -21.500000
-35.729000, 60.046000, -30.825000, -9.500000
-35.713000, 60.020000, -31.398000, 3.000000
-35.707000, 60.009000, -31.742000, 0.000000
-35.698000, 59.995000, -31.856000, 9.500000
-35.695000, 59.989000, -31.799000, 9.500000
-35.695000, 59.989000, -31.799000, 9.500000
-35.695000, 59.989000, -31.799000, 12.500000
-35.695000, 59.989000, -31.799000, 15.000000
-35.695000, 59.989000, -31.799000, 9.000000
-35.695000, 59.989000, -31.799000, 15.500000
-35.701000, 60.000000, -31.914000, 15.500000
-35.700000, 59.998000, -32.028000, 15.500000
-35.696000, 59.992000, -32.086000, 18.500000
-35.695000, 59.991000, -32.143000, 15.500000
-35.699000, 59.996000, -32.200000, 18.500000
-35.705000, 60.007000, -32.315000, 15.500000
-35.709000, 60.012000, -32.372000, 9.500000
-35.708000, 60.011000, -32.429000, 15.500000
-35.711000, 60.016000, -32.544000, 18.500000
-35.702000, 60.001000, -32.716000, 21.500000
-35.700000, 59.998000, -32.945000, 18.500000
-35.696000, 59.991000, -33.403000, 15.500000
-35.695000, 59.991000, -33.862000, 15.500000
-35.696000, 59.992000, -34.664000, 21.500000
-35.703000, 60.002000, -35.638000, 24.500000
-35.698000, 59.995000, -36.612000, 28.000000
-35.711000, 60.012000, -37.930000, 15.500000
-35.719000, 60.023000, -39.706000, 74.000000
-35.736000, 60.042000, -41.253000, 18.500000
-35.742000, 60.048000, -43.316000, 15.000000
-35.744000, 60.051000, -44.863000, 15.000000
-35.755000, 60.061000, -46.983000, 15.500000
-35.791000, 60.094000, -49.675000, 18.500000
-35.802000, 60.103000, -51.452000, -43.000000
-35.835000, 60.128000, -53.743000, 15.500000
-35.850000, 60.138000, -55.692000, 15.500000
-35.859000, 60.144000, -58.041000, 21.500000
-35.872000, 60.152000, -59.759000, 9.500000
-35.863000, 60.147000, -61.650000, 6.500000
-35.885000, 60.158000, -63.255000, 12.000000
-35.861000, 60.146000, -64.400000, 12.500000
-35.862000, 60.147000, -65.661000, 6.000000
-35.829000, 60.133000, -66.921000, 9.500000
-35.827000, 60.131000, -67.953000, 9.500000
-35.799000, 60.120000, -69.328000, 15.500000
-35.789000, 60.117000, -70.417000, 15.500000
-35.773000, 60.112000, -71.849000, 9.500000
-35.761000, 60.108000, -73.052000, 12.500000
-35.765000, 60.109000, -74.943000, 18.500000
-35.735000, 60.102000, -75.974000, 9.500000
-35.737000, 60.103000, -77.980000, 9.500000
-35.716000, 60.098000, -79.756000, 12.000000
-35.720000, 60.099000, -81.245000, 12.000000
-35.698000, 60.096000, -83.022000, 12.500000
-35.725000, 60.099000, -84.855000, 15.500000
-35.700000, 60.097000, -86.345000, 9.000000
-35.727000, 60.098000, -88.178000, 12.500000
-35.727000, 60.098000, -90.355000, 12.000000
-35.732000, 60.098000, -91.788000, 27.500000
-35.702000, 60.099000, -93.621000, 34.000000
-35.713000, 60.098000, -95.111000, 37.000000
-35.690000, 60.101000, -96.944000, 15.500000
-35.703000, 60.099000, -98.778000, 15.000000
-35.671000, 60.104000, -100.268000, 15.500000
-35.683000, 60.102000, -102.158000, 27.500000
-35.668000, 60.106000, -103.992000, 9.500000
-35.672000, 60.104000, -105.424000, 30.500000
-35.649000, 60.111000, -107.315000, 18.500000
-35.618000, 60.121000, -108.862000, 6.000000
-35.621000, 60.119000, -110.810000, 27.500000
-35.597000, 60.129000, -112.414000, 15.500000
-35.613000, 60.123000, -114.821000, 9.000000
-35.570000, 60.143000, -115.967000, 27.500000
-35.580000, 60.139000, -118.316000, 9.000000
-35.566000, 60.147000, -119.748000, -22.000000
-35.571000, 60.144000, -121.123000, -34.000000
-35.600000, 60.126000, -121.696000, 0.000000
-35.616000, 60.116000, -121.868000, -3.000000
-35.606000, 60.122000, -121.696000, 930.000000
-35.766000, 60.023000, -121.639000, 1102.500000
-35.834000, 59.981000, -121.582000, 1281.500000
-35.891000, 59.946000, -121.467000, 1303.000000
-35.941000, 59.916000, -121.410000, 1302.500000
-36.052000, 59.848000, -121.410000, 1306.000000
-36.138000, 59.796000, -121.410000, 1315.500000
-36.241000, 59.732000, -121.467000, 1309.000000
-36.352000, 59.665000, -121.467000, 1315.000000
-36.444000, 59.608000, -121.467000, 1315.500000
-36.568000, 59.533000, -121.410000, 1321.500000
-36.678000, 59.465000, -121.410000, 1324.500000
-36.794000, 59.394000, -121.467000, 1327.500000
-36.910000, 59.323000, -121.524000, 1321.500000
-37.062000, 59.230000, -121.582000, 1318.500000
-37.161000, 59.169000, -121.524000, 1324.500000
-37.297000, 59.086000, -121.467000, 1324.500000
-37.414000, 59.014000, -121.467000, 1321.500000
-37.542000, 58.936000, -121.524000, 1327.500000
-37.659000, 58.864000, -121.524000, 1327.500000
-37.825000, 58.762000, -121.467000, 1330.500000
-37.961000, 58.679000, -121.410000, 1333.500000
-38.096000, 58.597000, -121.410000, 1333.500000
-38.231000, 58.515000, -121.467000, 1324.500000
-38.360000, 58.436000, -121.467000, 1324.500000
-38.508000, 58.345000, -121.410000, 1324.500000
-38.600000, 58.289000, -121.410000, 1330.500000
-38.748000, 58.199000, -121.410000, 1321.500000
-38.858000, 58.131000, -121.410000, 1324.500000
-38.988000, 58.052000, -121.352000, 1327.500000
-39.105000, 57.981000, -121.352000, 1327.500000
-39.265000, 57.883000, -121.352000, 1327.500000
-39.363000, 57.823000, -121.352000, 1324.500000
-39.524000, 57.726000, -121.295000, 1324.500000
-39.641000, 57.655000, -121.295000, 1321.500000
-39.771000, 57.576000, -121.238000, 1321.500000
-39.894000, 57.501000, -121.238000, 1321.500000
-40.048000, 57.408000, -121.238000, 1324.500000
-40.190000, 57.321000, -121.181000, 1327.500000
-40.320000, 57.243000, -121.181000, 1327.500000
-40.450000, 57.164000, -121.123000, 1324.500000
-40.579000, 57.086000, -121.123000, 1333.500000
-40.746000, 56.986000, -121.123000, 1342.500000
-40.903000, 56.891000, -120.894000, 1410.500000
-41.033000, 56.814000, -120.436000, 1414.000000
-41.190000, 56.722000, -119.920000, 1411.000000
-41.328000, 56.644000, -119.462000, 1426.000000
-41.520000, 56.537000, -118.774000, 1419.500000
-41.636000, 56.474000, -118.201000, 1422.500000
-41.844000, 56.363000, -117.456000, 1423.000000
-42.001000, 56.283000, -116.826000, 1361.500000
-42.129000, 56.220000, -116.024000, 1364.500000
-42.272000, 56.151000, -115.566000, 1340.000000
-42.458000, 56.063000, -115.336000, 1327.500000
-42.581000, 56.004000, -115.336000, 1324.500000
-42.750000, 55.925000, -115.394000, 1327.500000
-42.886000, 55.860000, -115.394000, 1324.500000
-43.055000, 55.779000, -115.394000, 1333.500000
-43.179000, 55.721000, -115.394000, 1327.500000
-43.355000, 55.637000, -115.394000, 1330.500000
-43.486000, 55.575000, -115.336000, 1330.500000
-43.674000, 55.487000, -114.935000, 1376.500000
-43.804000, 55.427000, -114.534000, 1367.500000
-43.977000, 55.349000, -113.961000, 1416.500000
-44.174000, 55.263000, -113.159000, 1420.000000
-44.325000, 55.199000, -112.414000, 1420.000000
-44.486000, 55.135000, -111.498000, 1395.500000
-44.637000, 55.076000, -110.810000, 1247.000000
-44.801000, 55.015000, -109.836000, 1380.000000
-44.918000, 54.974000, -109.263000, 1383.000000
-45.072000, 54.922000, -108.174000, 1340.000000
-45.187000, 54.885000, -107.430000, 1371.000000
-45.321000, 54.844000, -106.341000, 1374.000000
-45.440000, 54.811000, -105.367000, 1386.000000
-45.583000, 54.773000, -103.877000, 1392.000000
-45.693000, 54.747000, -103.132000, 1413.500000
-45.825000, 54.717000, -101.872000, 1349.000000
-45.921000, 54.697000, -101.184000, 1346.000000
-46.041000, 54.674000, -100.783000, 1321.500000
-46.190000, 54.646000, -100.726000, 1318.500000
-46.281000, 54.629000, -100.783000, 1315.500000
-46.422000, 54.602000, -100.841000, 1309.000000
-46.535000, 54.580000, -100.841000, 1315.500000
-46.635000, 54.561000, -100.783000, 1312.000000
-46.748000, 54.540000, -100.783000, 1309.000000
-46.875000, 54.515000, -100.783000, 1315.500000
-46.967000, 54.498000, -100.783000, 1321.500000
-47.089000, 54.475000, -100.726000, 1315.500000
-47.188000, 54.456000, -100.669000, 1312.500000
-47.274000, 54.440000, -100.611000, 1312.000000
-47.366000, 54.422000, -100.611000, 1303.000000
-47.466000, 54.404000, -100.554000, 1312.500000
-47.551000, 54.388000, -100.554000, 1315.500000
-47.630000, 54.373000, -100.497000, 1302.500000
-47.722000, 54.356000, -100.497000, 1309.000000
-47.794000, 54.343000, -100.440000, 1309.000000
-47.879000, 54.327000, -100.440000, 1305.500000
-47.936000, 54.317000, -100.382000, 1303.000000
-48.007000, 54.304000, -100.382000, 1303.000000
-48.085000, 54.289000, -100.382000, 1302.500000
-48.156000, 54.276000, -100.382000, 1309.000000
-48.234000, 54.262000, -100.382000, 1305.500000
-48.333000, 54.244000, -100.382000, 1306.000000
-48.425000, 54.227000, -100.382000, 1312.000000
-48.530000, 54.208000, -100.038000, 1297.000000
-48.649000, 54.188000, -99.695000, 1312.000000
-48.756000, 54.170000, -99.236000, 1302.500000
-48.913000, 54.145000, -98.778000, 1290.500000
-49.019000, 54.129000, -98.377000, 1330.500000
-49.153000, 54.110000, -98.033000, 1333.500000
-49.253000, 54.096000, -97.575000, 1293.500000
-49.405000, 54.076000, -97.002000, 1318.500000
-49.516000, 54.064000, -96.372000, 1324.500000
-49.601000, 54.054000, -95.970000, 1346.000000
-49.687000, 54.045000, -95.970000, 1306.000000
-49.756000, 54.038000, -96.142000, 1299.500000
-49.826000, 54.030000, -96.200000, 1302.500000
-49.863000, 54.027000, -96.142000, 1303.000000
-49.919000, 54.020000, -96.200000, 1293.500000
-49.955000, 54.017000, -96.200000, 1299.500000
-49.991000, 54.013000, -96.200000, 1302.500000
-50.027000, 54.009000, -96.200000, 1296.500000
-50.091000, 54.002000, -96.200000, 1299.500000
-50.134000, 53.997000, -96.200000, 1309.000000
-50.199000, 53.990000, -96.200000, 1309.000000
-50.256000, 53.984000, -96.200000, 1303.000000
-50.313000, 53.978000, -96.200000, 1309.000000
-50.378000, 53.971000, -96.200000, 1302.500000
-50.463000, 53.961000, -96.200000, 1296.500000
-50.528000, 53.954000, -96.200000, 1299.500000
-50.614000, 53.945000, -96.200000, 1309.000000
-50.678000, 53.938000, -96.200000, 1309.000000
-50.743000, 53.931000, -96.200000, 1299.500000
-50.800000, 53.925000, -96.200000, 1299.500000
-50.871000, 53.917000, -96.200000, 1299.500000
-50.929000, 53.911000, -96.200000, 1309.000000
-50.979000, 53.905000, -96.200000, 1296.500000
-51.043000, 53.898000, -96.200000, 1306.000000
-51.086000, 53.894000, -96.200000, 1306.000000
-51.151000, 53.887000, -96.200000, 1299.500000
-51.201000, 53.881000, -96.200000, 1303.000000
-51.252000, 53.876000, -96.142000, 1309.000000
-51.309000, 53.870000, -96.142000, 1299.500000
-51.353000, 53.865000, -96.085000, 1296.500000
-51.362000, 53.864000, -95.970000, 1293.500000
-51.370000, 53.863000, -95.913000, 1287.500000
-51.377000, 53.862000, -95.913000, 1293.500000
-51.377000, 53.862000, -95.913000, 1299.500000
-51.377000, 53.862000, -95.913000, 1293.500000
-51.377000, 53.862000, -95.913000, 1296.500000
-51.384000, 53.862000, -95.913000, 1296.500000
-51.383000, 53.862000, -95.970000, 1432.500000
-51.396000, 53.860000, -96.085000, 1521.500000
-51.422000, 53.858000, -96.257000, 1512.000000
-51.441000, 53.855000, -96.372000, 1638.500000
-51.455000, 53.854000, -96.429000, 1681.500000
-51.475000, 53.852000, -96.486000, 1694.000000
-51.497000, 53.849000, -96.486000, 1700.000000
-51.504000, 53.848000, -96.486000, 1697.000000
-51.510000, 53.848000, -96.543000, 1851.000000
-51.537000, 53.845000, -96.658000, 1854.000000
-51.571000, 53.840000, -96.715000, 1956.000000
-51.614000, 53.835000, -96.715000, 2174.500000
-51.671000, 53.829000, -96.773000, 2310.000000
-51.787000, 53.815000, -97.059000, 2310.000000
-51.885000, 53.802000, -97.231000, 2322.500000
-52.054000, 53.780000, -97.804000, 2328.500000
-52.249000, 53.752000, -98.491000, 2337.500000
-52.430000, 53.724000, -99.179000, 2337.500000
-52.709000, 53.677000, -99.924000, 2362.500000
-52.979000, 53.629000, -100.268000, 2359.500000
-53.193000, 53.590000, -100.210000, 2353.500000
-53.352000, 53.562000, -100.038000, 2316.500000
-53.571000, 53.523000, -100.038000, 2346.500000
-53.763000, 53.489000, -100.038000, 2223.500000
-54.025000, 53.443000, -100.038000, 2226.500000
-54.209000, 53.410000, -100.038000, 2229.500000
-54.537000, 53.352000, -99.981000, 2368.500000
-54.762000, 53.313000, -99.637000, 2233.000000
-54.930000, 53.286000, -98.950000, 2211.500000
-55.025000, 53.271000, -98.320000, 2183.500000
-55.088000, 53.263000, -97.575000, 2297.500000
-55.140000, 53.256000, -97.403000, 2183.500000
-55.179000, 53.251000, -97.231000, 2115.500000
-55.181000, 53.251000, -97.116000, 2085.000000
-55.181000, 53.251000, -97.116000, 1980.500000
-55.188000, 53.250000, -97.116000, 1980.500000
-55.188000, 53.250000, -97.116000, 1977.500000
-55.188000, 53.250000, -97.116000, 1746.500000
-55.188000, 53.250000, -97.116000, 1641.500000
-55.188000, 53.250000, -97.116000, 1515.000000
-55.188000, 53.250000, -97.116000, 1302.500000
-55.188000, 53.250000, -97.116000, 1195.000000
-55.188000, 53.250000, -97.116000, 1047.500000
-55.188000, 53.250000, -97.116000, 1044.000000
-55.188000, 53.250000, -97.116000, 939.500000
-55.188000, 53.250000, -97.116000, 871.500000
-55.152000, 53.254000, -97.116000, 34.000000
-55.109000, 53.259000, -97.116000, 0.000000
-55.066000, 53.265000, -97.174000, 0.000000
-55.051000, 53.267000, -97.174000, 0.000000
-55.051000, 53.267000, -97.174000, 0.000000
-55.051000, 53.267000, -97.174000, -3.000000
-55.051000, 53.267000, -97.174000, 3.000000
-55.051000, 53.267000, -97.174000, 3.000000
-55.051000, 53.267000, -97.174000, -3.000000
-55.051000, 53.267000, -97.174000, 3.000000
-55.051000, 53.267000, -97.174000, 3.000000
-55.051000, 53.267000, -97.174000, 0.000000
-55.051000, 53.267000, -97.174000, 3.000000
-55.051000, 53.267000, -97.174000, 0.000000
-55.051000, 53.267000, -97.174000, 6.000000
-55.051000, 53.267000, -97.174000, 3.000000
-55.051000, 53.267000, -97.174000, -3.000000
-55.051000, 53.267000, -97.174000, 0.000000
-55.051000, 53.267000, -97.174000, 3.000000
-55.051000, 53.267000, -97.174000, 0.000000
-55.051000, 53.267000, -97.174000, 3.000000
-55.051000, 53.267000, -97.174000, 0.000000
-55.051000, 53.267000, -97.174000, -3.000000
-55.051000, 53.267000, -97.174000, 0.000000
-55.051000, 53.267000, -97.174000, 3.000000
-55.051000, 53.267000, -97.174000, -6.000000
-55.051000, 53.267000, -97.174000, 0.000000
-55.051000, 53.267000, -97.174000, -3.000000
-55.051000, 53.267000, -97.174000, 0.000000
-55.051000, 53.267000, -97.174000, 0.000000
-55.051000, 53.267000, -97.174000, 0.000000
-55.051000, 53.267000, -97.174000, 0.000000
-55.051000, 53.267000, -97.174000, 0.000000
-55.051000, 53.267000, -97.174000, -3.000000
-55.051000, 53.267000, -97.174000, 0.000000
-55.051000, 53.267000, -97.174000, 3.000000
-55.051000, 53.267000, -97.174000, -3.000000
-55.051000, 53.267000, -97.174000, -3.000000
-55.051000, 53.267000, -97.174000, 3.000000
-55.051000, 53.267000, -97.174000, -3.000000
-55.051000, 53.267000, -97.174000, 0.000000
-55.051000, 53.267000, -97.174000, 3.000000
-55.051000, 53.267000, -97.174000, 0.000000
-55.051000, 53.267000, -97.174000, 0.000000
-55.051000, 53.267000, -97.174000, 3.000000
-55.051000, 53.267000, -97.174000, -3.000000
-55.051000, 53.267000, -97.174000, 0.000000
-55.051000, 53.267000, -97.174000, 3.000000
-55.051000, 53.267000, -97.174000, 0.000000
-55.051000, 53.267000, -97.174000, 0.000000
-55.051000, 53.267000, -97.174000, 0.000000
-55.051000, 53.267000, -97.174000, 0.000000
-55.051000, 53.267000, -97.174000, -3.000000
-55.051000, 53.267000, -97.174000, 6.000000
-55.051000, 53.267000, -97.174000, 0.000000
-55.051000, 53.267000, -97.174000, 0.000000
-55.051000, 53.267000, -97.174000, -3.000000
-55.051000, 53.267000, -97.174000, 3.000000
-55.051000, 53.267000, -97.174000, 0.000000
-55.051000, 53.267000, -97.174000, 0.000000
-55.051000, 53.267000, -97.174000, 0.000000
-55.051000, 53.267000, -97.174000, 0.000000
-55.051000, 53.267000, -97.174000, -3.000000
-55.051000, 53.267000, -97.174000, 0.000000
-55.051000, 53.267000, -97.174000, -3.000000
-55.051000, 53.267000, -97.174000, -3.000000
-55.051000, 53.267000, -97.174000, 6.000000
-55.051000, 53.267000, -97.174000, -3.000000
-55.051000, 53.267000, -97.174000, 0.000000
-55.051000, 53.267000, -97.174000, 3.000000
-55.051000, 53.267000, -97.174000, 3.000000
-55.051000, 53.267000, -97.174000, -3.000000
-55.051000, 53.267000, -97.174000, 0.000000
-55.051000, 53.267000, -97.174000, 3.000000
-55.051000, 53.267000, -97.174000, 3.000000
-55.051000, 53.267000, -97.174000, 0.000000
-55.051000, 53.267000, -97.174000, -3.000000
-55.051000, 53.267000, -97.174000, 0.000000
-55.051000, 53.267000, -97.174000, 0.000000
-55.051000, 53.267000, -97.174000, 0.000000
-55.051000, 53.267000, -97.174000, -6.000000
-55.051000, 53.267000, -97.174000, -3.000000
-55.051000, 53.267000, -97.174000, 0.000000
-55.051000, 53.267000, -97.174000, -3.000000
-55.044000, 53.268000, -97.174000, 3.000000
-55.038000, 53.268000, -97.116000, 3.000000
-55.016000, 53.271000, -97.116000, 3.000000
-55.001000, 53.273000, -97.174000, -3.000000
-55.001000, 53.273000, -97.174000, 3.000000
-55.001000, 53.273000, -97.174000, -3.000000
-54.995000, 53.274000, -97.116000, 3.000000
-54.995000, 53.274000, -97.116000, -3.000000
-54.980000, 53.276000, -97.174000, 3.000000
-54.967000, 53.277000, -97.059000, -3.000000
-54.960000, 53.278000, -97.059000, -6.000000
-54.953000, 53.279000, -97.059000, 0.000000
-54.952000, 53.279000, -97.116000, 0.000000
-54.952000, 53.279000, -97.116000, -3.000000
-54.952000, 53.279000, -97.116000, -3.000000
-54.952000, 53.279000, -97.116000, 6.000000
-54.946000, 53.280000, -97.059000, 0.000000
-54.946000, 53.280000, -97.059000, -3.000000
-54.952000, 53.279000, -97.116000, 0.000000
-54.938000, 53.281000, -97.116000, 3.000000
-54.925000, 53.283000, -97.002000, -3.000000
-54.932000, 53.282000, -97.059000, -3.000000
-54.925000, 53.283000, -97.002000, 0.000000
-54.925000, 53.283000, -97.059000, 3.000000
-54.925000, 53.283000, -97.059000, -3.000000
-54.925000, 53.283000, -97.059000, 3.000000
-54.918000, 53.283000, -97.002000, 0.000000
-54.918000, 53.283000, -97.002000, -3.000000
-54.918000, 53.283000, -97.002000, 3.000000
-54.918000, 53.283000, -97.002000, -3.000000
-54.918000, 53.283000, -97.002000, -3.000000
-54.918000, 53.283000, -97.002000, 3.000000
-54.918000, 53.283000, -97.002000, 0.000000
-54.918000, 53.283000, -97.002000, 3.000000
-54.918000, 53.283000, -97.002000, 0.000000
-54.918000, 53.283000, -97.002000, 0.000000
-54.918000, 53.283000, -97.002000, 3.000000
-54.918000, 53.283000, -97.002000, 3.000000
-54.918000, 53.283000, -97.002000, -3.000000
-54.918000, 53.283000, -97.002000, 0.000000
-54.918000, 53.283000, -97.002000, 0.000000
-54.918000, 53.283000, -97.002000, 3.000000
-54.918000, 53.283000, -97.002000, 3.000000
-54.918000, 53.283000, -97.002000, 0.000000
-54.918000, 53.283000, -97.002000, 0.000000
-54.918000, 53.283000, -97.002000, 0.000000
-54.918000, 53.283000, -97.002000, 3.000000
-54.918000, 53.283000, -97.002000, 0.000000
-54.918000, 53.283000, -97.002000, -6.000000
-54.918000, 53.283000, -97.002000, 0.000000
-54.918000, 53.283000, -97.002000, -730.000000
-54.768000, 53.302000, -97.002000, -1023.000000
-54.611000, 53.321000, -97.002000, -952.000000
-54.554000, 53.328000, -97.002000, -958.000000
-54.517000, 53.333000, -97.059000, -955.000000
-54.474000, 53.338000, -97.059000, -955.000000
-54.446000, 53.342000, -97.059000, -958.000000
-54.417000, 53.345000, -97.059000, -964.000000
-54.374000, 53.350000, -97.059000, -961.000000
-54.353000, 53.353000, -97.059000, -955.000000
-54.310000, 53.358000, -97.059000, -957.500000
-54.289000, 53.361000, -97.059000, -964.000000
-54.246000, 53.366000, -97.059000, -967.000000
-54.210000, 53.371000, -97.059000, -964.000000
-54.160000, 53.377000, -97.059000, -954.500000
-54.117000, 53.382000, -97.059000, -964.000000
-54.060000, 53.389000, -97.059000, -976.000000
-54.031000, 53.393000, -97.059000, -964.000000
-53.980000, 53.399000, -97.116000, -982.500000
-53.923000, 53.406000, -97.116000, -1059.500000
-53.880000, 53.412000, -97.116000, -991.500000
-53.823000, 53.419000, -97.116000, -1053.500000
-53.779000, 53.424000, -97.174000, -1044.500000
-53.715000, 53.432000, -97.174000, -1059.500000
-53.658000, 53.440000, -97.174000, -1001.000000
-53.565000, 53.451000, -97.174000, -1065.500000
-53.501000, 53.459000, -97.174000, -1063.000000
-53.401000, 53.472000, -97.174000, -1275.500000
-53.315000, 53.483000, -97.174000, -1312.000000
-53.187000, 53.499000, -97.174000, -1315.000000
-53.043000, 53.517000, -97.231000, -1318.500000
-52.914000, 53.533000, -97.231000, -1321.500000
-52.770000, 53.552000, -97.346000, -1318.500000
-52.620000, 53.571000, -97.346000, -1333.500000
-52.433000, 53.596000, -97.403000, -1324.500000
-52.304000, 53.612000, -97.403000, -1330.500000
-52.097000, 53.639000, -97.403000, -1334.000000
-51.925000, 53.662000, -97.460000, -1330.500000
-51.747000, 53.685000, -97.460000, -1333.500000
-51.574000, 53.708000, -97.517000, -1333.500000
-51.353000, 53.737000, -97.517000, -1333.500000
-51.203000, 53.757000, -97.517000, -1336.500000
-50.967000, 53.788000, -97.575000, -1343.000000
-50.781000, 53.813000, -97.575000, -1343.000000
-50.567000, 53.841000, -97.575000, -1349.000000
-50.382000, 53.866000, -97.575000, -1340.000000
-50.139000, 53.898000, -97.575000, -1346.000000
-49.982000, 53.919000, -97.575000, -1346.000000
-49.731000, 53.952000, -97.632000, -1349.000000
-49.539000, 53.978000, -97.632000, -1352.500000
-49.302000, 54.010000, -97.689000, -1346.000000
-49.038000, 54.046000, -97.689000, -1355.500000
-48.860000, 54.070000, -97.689000, -1352.500000
-48.618000, 54.102000, -97.632000, -1349.000000
-48.432000, 54.127000, -97.689000, -1346.000000
-48.187000, 54.161000, -97.804000, -1343.000000
-48.038000, 54.181000, -97.804000, -1343.000000
-47.808000, 54.213000, -97.861000, -1346.000000
-47.615000, 54.239000, -97.918000, -1349.500000
-47.408000, 54.268000, -97.918000, -1346.000000
-47.223000, 54.294000, -97.918000, -1343.000000
-46.972000, 54.329000, -97.976000, -1349.000000
-46.802000, 54.353000, -97.918000, -1343.000000
-46.560000, 54.386000, -97.918000, -1346.000000
-46.367000, 54.413000, -97.918000, -1281.000000
-46.159000, 54.442000, -97.976000, -1247.500000
-45.973000, 54.468000, -98.033000, -1244.000000
-45.758000, 54.499000, -98.090000, -1244.500000
-45.608000, 54.520000, -98.148000, -1244.500000
-45.387000, 54.552000, -98.148000, -1250.500000
-45.200000, 54.579000, -98.205000, -1238.500000
-45.028000, 54.604000, -98.262000, -1244.500000
-44.814000, 54.635000, -98.320000, -1247.500000
-44.664000, 54.657000, -98.320000, -1235.500000
-44.443000, 54.689000, -98.320000, -1250.500000
-44.264000, 54.715000, -98.377000, -1253.500000
-44.071000, 54.744000, -98.434000, -1247.500000
-43.914000, 54.767000, -98.491000, -1244.000000
-43.693000, 54.800000, -98.491000, -1244.000000
-43.535000, 54.824000, -98.549000, -1247.500000
-43.335000, 54.854000, -98.606000, -1238.000000
-43.150000, 54.882000, -98.606000, -1241.000000
-42.973000, 54.909000, -98.549000, -1170.500000
-42.802000, 54.935000, -98.549000, -1136.500000
-42.631000, 54.960000, -98.549000, -1204.500000
-42.482000, 54.983000, -98.549000, -1201.500000
-42.303000, 55.010000, -98.606000, -1105.500000
-42.110000, 55.039000, -98.663000, -970.000000
-41.995000, 55.057000, -98.721000, -206.500000
-41.973000, 55.060000, -98.721000, -3.000000
-41.966000, 55.061000, -98.721000, 0.000000
-41.951000, 55.063000, -98.778000, -6.000000
-41.929000, 55.067000, -98.835000, 0.000000
-41.930000, 55.067000, -98.778000, 3.000000
-41.930000, 55.067000, -98.778000, 3.000000
-41.930000, 55.067000, -98.778000, 3.000000
-41.930000, 55.067000, -98.778000, 0.000000
-41.930000, 55.067000, -98.778000, 3.000000
-41.930000, 55.067000, -98.778000, 0.000000
-41.930000, 55.067000, -98.778000, 0.000000
-41.930000, 55.067000, -98.778000, 3.000000
-41.930000, 55.067000, -98.778000, 0.000000
-41.894000, 55.072000, -98.778000, 12.500000
-41.766000, 55.092000, -98.778000, -18.500000
-41.679000, 55.105000, -98.893000, 9.500000
-41.683000, 55.105000, -99.064000, 6.500000
-41.674000, 55.106000, -99.179000, 3.000000
-41.673000, 55.106000, -99.236000, 3.000000
-41.672000, 55.107000, -99.294000, 9.500000
-41.665000, 55.108000, -99.294000, 0.000000
-41.650000, 55.110000, -99.351000, 12.000000
-41.647000, 55.111000, -99.523000, 12.000000
-41.636000, 55.112000, -99.752000, 6.000000
-41.606000, 55.118000, -99.867000, 9.000000
-41.593000, 55.120000, -100.210000, 9.500000
-41.555000, 55.127000, -100.382000, 21.500000
-41.519000, 55.134000, -100.898000, 18.500000
-41.469000, 55.144000, -101.356000, 21.500000
-41.448000, 55.148000, -101.757000, 18.500000
-41.398000, 55.159000, -102.273000, 15.500000
-41.355000, 55.168000, -102.731000, 12.500000
-41.297000, 55.182000, -103.304000, 22.000000
-41.245000, 55.194000, -103.877000, 15.500000
-41.191000, 55.208000, -105.080000, 15.500000
-41.175000, 55.213000, -106.112000, 12.500000
-41.122000, 55.229000, -107.716000, 9.000000
-41.078000, 55.243000, -109.206000, 15.500000
-41.053000, 55.252000, -111.211000, 9.000000
-41.015000, 55.268000, -112.873000, 12.500000
-41.012000, 55.269000, -115.623000, 9.500000
-40.952000, 55.298000, -117.055000, 6.000000
-40.940000, 55.304000, -120.035000, 9.000000
-40.916000, 55.319000, -122.155000, 6.500000
-40.898000, 55.331000, -124.790000, 9.500000
-40.873000, 55.348000, -127.025000, 3.000000
-40.820000, 55.390000, -129.832000, 3.500000
-40.823000, 55.387000, -132.181000, 6.500000
-40.777000, 55.431000, -135.161000, 9.500000
-40.771000, 55.440000, -138.828000, 3.500000
-40.739000, 55.479000, -140.604000, 3.500000
-40.730000, 55.494000, -144.213000, 3.000000
-40.712000, 55.521000, -146.620000, 6.500000
-40.692000, 55.551000, -149.657000, 6.500000
-40.654000, 55.621000, -152.751000, 9.500000
-40.652000, 55.631000, -156.360000, 6.500000
-40.627000, 55.690000, -158.079000, 12.500000
-40.631000, 55.683000, -161.517000, 0.000000
-40.654000, 55.607000, -163.637000, -9.500000
-40.698000, 55.451000, -165.585000, -6.000000
-40.693000, 55.471000, -166.387000, 0.000000
-40.679000, 55.527000, -166.444000, 3.000000
-40.675000, 55.546000, -166.272000, 3.000000
-40.669000, 55.570000, -166.043000, 3.000000
-40.670000, 55.564000, -166.100000, 0.000000
-40.670000, 55.564000, -166.100000, 0.000000
-40.670000, 55.564000, -166.100000, 0.000000
-40.670000, 55.564000, -166.100000, 3.000000
-40.670000, 55.564000, -166.100000, 0.000000
-40.670000, 55.564000, -166.100000, 0.000000
-40.670000, 55.564000, -166.100000, -3.000000
-40.670000, 55.564000, -166.100000, 0.000000
-40.670000, 55.564000, -166.100000, 0.000000
-40.670000, 55.564000, -166.100000, 0.000000
-40.670000, 55.564000, -166.100000, 0.000000
-40.670000, 55.564000, -166.100000, 0.000000
-40.670000, 55.564000, -166.100000, 0.000000
-40.670000, 55.564000, -166.100000, 0.000000
-40.670000, 55.564000, -166.100000, -3.000000
-40.670000, 55.564000, -166.100000, 0.000000
-40.670000, 55.564000, -166.100000, 3.000000
-40.670000, 55.564000, -166.100000, 3.000000
-40.670000, 55.564000, -166.100000, -3.000000
-40.670000, 55.564000, -166.100000, -6.000000
-40.670000, 55.564000, -166.100000, 0.000000
-40.670000, 55.564000, -166.100000, 3.000000
-40.670000, 55.564000, -166.100000, 3.000000
-40.670000, 55.564000, -166.100000, 0.000000
-40.670000, 55.564000, -166.100000, -3.000000
-40.670000, 55.564000, -166.100000, 3.000000
-40.670000, 55.564000, -166.100000, 0.000000
-40.670000, 55.564000, -166.100000, 3.000000
-40.670000, 55.564000, -166.100000, 3.000000
-40.670000, 55.564000, -166.100000, -3.000000
-40.670000, 55.564000, -166.100000, 0.000000
-40.670000, 55.564000, -166.100000, 0.000000
-40.670000, 55.564000, -166.100000, 0.000000
-40.670000, 55.564000, -166.100000, 0.000000
-40.670000, 55.564000, -166.100000, 3.000000
-40.669000, 55.570000, -166.043000, 0.000000
-40.669000, 55.570000, -166.043000, 3.000000
-40.669000, 55.570000, -166.043000, 6.000000
-40.669000, 55.570000, -166.043000, -3.000000
-40.674000, 55.549000, -166.043000, 927.000000
-40.679000, 55.528000, -166.043000, 1032.000000
-40.690000, 55.486000, -166.043000, 1025.500000
-40.700000, 55.444000, -166.043000, 1031.500000
-40.709000, 55.408000, -165.986000, 1025.500000
-40.711000, 55.401000, -165.986000, 1025.500000
-40.720000, 55.366000, -165.986000, 1029.000000
-40.720000, 55.365000, -165.929000, 1155.000000
-40.723000, 55.352000, -165.986000, 1170.500000
-40.730000, 55.324000, -165.986000, 1185.500000
-40.739000, 55.289000, -165.929000, 1161.500000
-40.742000, 55.275000, -165.929000, 1170.500000
-40.749000, 55.247000, -165.929000, 1253.500000
-40.760000, 55.205000, -165.929000, 1259.500000
-40.769000, 55.169000, -165.871000, 1275.000000
-40.780000, 55.127000, -165.871000, 1364.500000
-40.800000, 55.044000, -165.929000, 1367.500000
-40.813000, 54.995000, -165.929000, 1382.500000
-40.839000, 54.890000, -165.871000, 1373.500000
-40.862000, 54.799000, -165.871000, 1472.500000
-40.885000, 54.707000, -165.814000, 1506.000000
-40.914000, 54.595000, -165.757000, 1626.500000
-40.943000, 54.477000, -165.814000, 1635.500000
-40.983000, 54.320000, -166.043000, 1638.500000
-41.029000, 54.132000, -166.100000, 1635.500000
-41.066000, 53.986000, -166.100000, 1638.500000
-41.112000, 53.797000, -166.100000, 1644.500000
-41.154000, 53.628000, -166.043000, 1777.000000
-41.214000, 53.385000, -166.158000, 1638.500000
-41.254000, 53.224000, -166.100000, 1641.500000
-41.310000, 52.997000, -165.929000, 1644.500000
-41.360000, 52.800000, -165.814000, 1641.500000
-41.397000, 52.654000, -165.871000, 1799.000000
-41.460000, 52.400000, -166.100000, 1808.000000
-41.502000, 52.228000, -166.330000, 1644.500000
-41.535000, 52.091000, -166.502000, 1601.500000
-41.576000, 51.916000, -166.960000, 1592.000000
-41.610000, 51.768000, -167.304000, 1595.500000
-41.660000, 51.544000, -167.819000, 1607.500000
-41.717000, 51.271000, -168.392000, 1614.000000
-41.757000, 51.075000, -168.908000, 1601.500000
-41.810000, 50.796000, -169.596000, 1607.500000
-41.852000, 50.559000, -170.283000, 1607.500000
-41.891000, 50.320000, -170.856000, 1601.500000
-41.927000, 50.090000, -171.544000, 1614.000000
-41.965000, 49.824000, -172.288000, 1595.500000
-41.992000, 49.613000, -172.919000, 1607.500000
-42.023000, 49.347000, -173.721000, 1608.000000
-42.046000, 49.128000, -174.294000, 1669.000000
-42.078000, 48.789000, -175.039000, 1675.500000
-42.110000, 48.401000, -175.497000, 1647.500000
-42.129000, 48.145000, -175.612000, 1644.500000
-42.142000, 47.986000, -175.554000, 1632.500000
-42.161000, 47.740000, -175.440000, 1663.000000
-42.181000, 47.487000, -175.325000, 1651.000000
-42.195000, 47.315000, -175.325000, 1650.500000
-42.216000, 47.064000, -175.325000, 1654.000000
-42.233000, 46.855000, -175.268000, 1654.000000
-42.250000, 46.646000, -175.211000, 1749.000000
-42.271000, 46.401000, -175.153000, 1851.000000
-42.288000, 46.206000, -175.096000, 1842.000000
-42.311000, 45.934000, -175.096000, 1851.000000
-42.326000, 45.761000, -175.096000, 1854.500000
-42.351000, 45.468000, -175.153000, 1844.500000
-42.369000, 45.246000, -175.153000, 1706.000000
-42.388000, 45.024000, -175.211000, 1888.000000
-42.406000, 44.805000, -175.382000, 1897.500000
-42.431000, 44.478000, -176.013000, 1879.000000
-42.446000, 44.255000, -176.414000, 1900.500000
-42.466000, 43.901000, -177.216000, 1882.000000
-42.478000, 43.637000, -177.789000, 1888.000000
-42.487000, 43.341000, -178.591000, 1897.500000
-42.492000, 43.058000, -179.278000, 1891.000000
-42.494000, 42.683000, -180.138000, 1878.500000
-42.492000, 42.419000, -180.711000, 1866.500000
-42.486000, 42.059000, -181.112000, 1989.500000
-42.480000, 41.781000, -181.284000, 1854.500000
-42.474000, 41.493000, -181.284000, 1866.500000
-42.466000, 41.132000, -181.227000, 1854.000000
-42.460000, 40.880000, -181.227000, 1854.500000
-42.454000, 40.584000, -181.169000, 1866.500000
-42.449000, 40.332000, -181.169000, 1860.500000
-42.442000, 39.994000, -181.169000, 1841.500000
-42.435000, 39.655000, -181.169000, 1851.000000
-42.430000, 39.398000, -181.284000, 1857.000000
-42.421000, 39.039000, -181.341000, 1848.000000
-42.416000, 38.794000, -181.284000, 1838.500000
-42.407000, 38.405000, -181.284000, 1832.500000
-42.401000, 38.109000, -181.227000, 2014.000000
-42.394000, 37.761000, -181.055000, 1912.500000
-42.389000, 37.479000, -180.997000, 1922.000000
-42.383000, 37.101000, -180.768000, 1909.500000
-42.380000, 36.855000, -180.711000, 1937.000000
-42.375000, 36.472000, -180.654000, 1863.500000
-42.372000, 36.185000, -180.654000, 1835.500000
-42.369000, 35.881000, -180.596000, 1884.500000
-42.366000, 35.578000, -180.539000, 1906.500000
-42.362000, 35.224000, -180.482000, 1906.500000
-42.360000, 34.972000, -180.482000, 1916.000000
-42.357000, 34.606000, -180.539000, 1910.000000
-42.355000, 34.332000, -180.539000, 1860.500000
-42.351000, 33.987000, -180.539000, 1912.500000
-42.349000, 33.698000, -180.482000, 1906.500000
-42.346000, 33.323000, -180.424000, 1937.000000
-42.344000, 33.084000, -180.367000, 1835.500000
-42.342000, 32.717000, -180.367000, 1798.500000
-42.340000, 32.429000, -180.367000, 1792.500000
-42.339000, 32.125000, -180.253000, 1817.500000
-42.338000, 31.857000, -180.195000, 1851.000000
-42.336000, 31.506000, -180.253000, 1860.500000
-42.335000, 31.196000, -180.253000, 1841.500000
-42.334000, 30.901000, -180.253000, 1799.000000
-42.332000, 30.569000, -180.195000, 1780.500000
-42.332000, 30.301000, -180.138000, 1767.500000
-42.331000, 29.941000, -180.138000, 1758.500000
-42.330000, 29.703000, -180.081000, 1767.500000
-42.330000, 29.364000, -180.023000, 1764.500000
-42.330000, 29.103000, -179.966000, 1666.500000
-42.330000, 28.787000, -179.966000, 1672.500000
-42.330000, 28.549000, -179.966000, 1663.500000
-42.330000, 28.225000, -179.966000, 1660.500000
-42.331000, 28.023000, -179.966000, 1660.000000
-42.331000, 27.713000, -179.909000, 1663.000000
-42.331000, 27.461000, -179.909000, 1657.000000
-42.332000, 27.201000, -179.851000, 1660.000000
-42.333000, 26.897000, -179.794000, 1660.500000
-42.334000, 26.660000, -179.794000, 1712.500000
-42.336000, 26.331000, -179.508000, 1725.000000
-42.339000, 26.081000, -179.164000, 1703.500000
-42.345000, 25.755000, -178.648000, 1709.500000
-42.353000, 25.473000, -178.133000, 1725.000000
-42.367000, 25.109000, -177.388000, 1718.500000
-42.379000, 24.874000, -176.700000, 1718.500000
-42.401000, 24.533000, -175.612000, 1715.500000
-42.422000, 24.285000, -174.924000, 1684.500000
-42.448000, 24.008000, -174.236000, 1706.000000
-42.475000, 23.746000, -173.950000, 1675.500000
-42.508000, 23.442000, -173.778000, 1663.500000
-42.531000, 23.234000, -173.721000, 1672.500000
-42.567000, 22.904000, -173.664000, 1660.000000
-42.596000, 22.645000, -173.606000, 1638.500000
-42.625000, 22.388000, -173.606000, 1663.500000
-42.653000, 22.136000, -173.549000, 1654.000000
-42.683000, 21.878000, -173.492000, 1657.000000
-42.706000, 21.670000, -173.434000, 1660.000000
-42.738000, 21.397000, -173.377000, 1660.000000
-42.765000, 21.167000, -173.320000, 1651.000000
-42.794000, 20.917000, -173.320000, 1650.500000
-42.820000, 20.694000, -173.262000, 1644.500000
-42.853000, 20.415000, -173.262000, 1660.000000
-42.875000, 20.229000, -173.262000, 1558.500000
-42.907000, 19.964000, -173.205000, 1552.500000
-42.932000, 19.750000, -173.205000, 1528.000000
-42.962000, 19.500000, -173.262000, 1438.500000
-42.990000, 19.258000, -173.320000, 1330.500000
-43.020000, 19.008000, -173.320000, 1281.000000
-43.037000, 18.858000, -173.320000, 1309.000000
-43.067000, 18.600000, -173.320000, 1302.500000
-43.090000, 18.406000, -173.262000, 1287.500000
-43.117000, 18.184000, -173.205000, 1293.500000
-43.137000, 18.010000, -173.091000, 1287.500000
-43.168000, 17.760000, -173.091000, 1275.000000
-43.192000, 17.558000, -172.976000, 1339.500000
-43.212000, 17.399000, -172.861000, 1272.000000
-43.237000, 17.204000, -172.747000, 1262.500000
-43.257000, 17.047000, -172.747000, 1265.500000
-43.281000, 16.861000, -172.747000, 1265.500000
-43.295000, 16.752000, -172.632000, 1266.000000
-43.313000, 16.614000, -172.460000, 1244.500000
-43.325000, 16.518000, -172.288000, 1284.500000
-43.342000, 16.401000, -172.059000, 1238.000000
-43.356000, 16.300000, -172.002000, 1272.000000
-43.376000, 16.158000, -172.059000, 1247.000000
-43.388000, 16.073000, -172.059000, 1176.500000
-43.405000, 15.950000, -172.002000, 1195.500000
-43.420000, 15.843000, -172.002000, 1176.500000
-43.435000, 15.737000, -172.002000, 1016.500000
-43.446000, 15.658000, -172.002000, 1019.500000
-43.458000, 15.573000, -172.002000, 1019.500000
-43.464000, 15.530000, -172.002000, 917.500000
-43.476000, 15.444000, -172.002000, 924.000000
-43.484000, 15.386000, -171.945000, 924.000000
-43.494000, 15.315000, -171.945000, 896.500000
-43.499000, 15.281000, -172.059000, 908.500000
-43.499000, 15.280000, -172.002000, 899.500000
-43.507000, 15.223000, -172.002000, 951.500000
-43.518000, 15.146000, -172.059000, 939.500000
-43.523000, 15.109000, -172.002000, 1010.500000
-43.530000, 15.060000, -172.059000, 1031.500000
-43.537000, 15.008000, -171.945000, 1047.000000
-43.539000, 14.996000, -172.059000, 1028.500000
-43.544000, 14.959000, -172.403000, 1047.000000
-43.548000, 14.928000, -172.689000, 1032.000000
-43.552000, 14.897000, -172.976000, 1106.000000
-43.554000, 14.878000, -173.148000, 1343.000000
-43.577000, 14.681000, -173.320000, 1204.500000
-43.598000, 14.508000, -173.262000, 1170.500000
-43.606000, 14.435000, -173.148000, 1278.000000
-43.614000, 14.368000, -172.976000, 1263.000000
-43.627000, 14.268000, -172.976000, 1265.500000
-43.637000, 14.182000, -172.976000, 1275.000000
-43.650000, 14.082000, -172.976000, 1268.500000
-43.662000, 13.982000, -172.976000, 1262.500000
-43.673000, 13.896000, -172.976000, 1275.000000
-43.683000, 13.810000, -172.919000, 1318.500000
-43.688000, 13.769000, -173.033000, 1278.000000
-43.705000, 13.632000, -173.434000, 1315.000000
-43.717000, 13.523000, -173.778000, 1309.000000
-43.729000, 13.408000, -174.179000, 1278.500000
-43.741000, 13.285000, -174.523000, 1315.000000
-43.755000, 13.140000, -174.867000, 1281.000000
-43.773000, 12.924000, -175.268000, 1300.000000
-43.791000, 12.698000, -175.497000, 1302.500000
-43.802000, 12.559000, -175.726000, 1327.500000
-43.807000, 12.496000, -175.841000, 1290.500000
-43.814000, 12.388000, -176.242000, 1198.000000
-43.831000, 12.119000, -176.528000, 1309.000000
-43.840000, 11.971000, -176.700000, 1287.500000
-43.847000, 11.854000, -176.586000, 1290.500000
-43.855000, 11.723000, -176.471000, 1275.000000
-43.861000, 11.622000, -176.414000, 1278.500000
-43.870000, 11.479000, -176.471000, 1275.000000
-43.877000, 11.371000, -176.471000, 1287.500000
-43.884000, 11.256000, -176.471000, 1269.000000
-43.891000, 11.133000, -176.414000, 1275.000000
-43.900000, 10.987000, -176.299000, 1281.500000
-43.907000, 10.893000, -176.242000, 1275.000000
-43.916000, 10.742000, -176.242000, 1287.500000
-43.925000, 10.613000, -176.242000, 1287.500000
-43.935000, 10.462000, -176.242000, 1278.500000
-43.942000, 10.360000, -176.127000, 1284.500000
-43.953000, 10.192000, -176.013000, 1290.500000
-43.963000, 10.056000, -176.013000, 1293.500000
-43.971000, 9.935000, -176.070000, 1287.500000
-43.981000, 9.784000, -176.070000, 1284.500000
-43.990000, 9.662000, -176.070000, 1290.500000
-44.001000, 9.496000, -176.013000, 1284.500000
-44.009000, 9.380000, -175.955000, 1281.500000
-44.020000, 9.223000, -176.013000, 1275.000000
-44.029000, 9.094000, -176.013000, 1265.500000
-44.041000, 8.935000, -175.955000, 1262.500000
-44.050000, 8.804000, -175.898000, 1278.500000
-44.061000, 8.653000, -175.841000, 1272.000000
-44.070000, 8.523000, -175.841000, 1278.000000
-44.085000, 8.316000, -175.898000, 1268.500000
-44.095000, 8.173000, -175.898000, 1272.000000
-44.107000, 8.007000, -175.898000, 1265.500000
-44.119000, 7.847000, -175.783000, 1296.500000
-44.136000, 7.624000, -175.726000, 1303.000000
-44.147000, 7.465000, -175.669000, 1262.500000
-44.157000, 7.342000, -175.612000, 1269.000000
-44.173000, 7.135000, -175.669000, 1269.000000
-44.181000, 7.020000, -175.669000, 1327.500000
-44.194000, 6.855000, -175.669000, 1281.500000
-44.203000, 6.739000, -175.612000, 1259.500000
-44.214000, 6.596000, -175.612000, 1256.500000
-44.221000, 6.495000, -175.612000, 1312.500000
-44.234000, 6.337000, -175.612000, 1161.000000
-44.241000, 6.237000, -175.612000, 1019.500000
-44.251000, 6.108000, -175.669000, 1022.500000
-44.258000, 6.015000, -175.669000, 1041.000000
-44.265000, 5.921000, -175.612000, 1041.500000
-44.272000, 5.835000, -175.612000, 1053.500000
-44.279000, 5.742000, -175.669000, 1031.500000
-44.285000, 5.656000, -175.669000, 699.000000
-44.287000, 5.642000, -175.669000, 6.000000
-44.287000, 5.642000, -175.669000, 0.000000
-44.287000, 5.642000, -175.669000, 3.000000
-44.287000, 5.642000, -175.669000, 0.000000
-44.287000, 5.642000, -175.669000, 0.000000
-44.287000, 5.642000, -175.669000, 0.000000
-44.287000, 5.642000, -175.669000, 0.000000
-44.287000, 5.642000, -175.669000, 0.000000
-44.287000, 5.642000, -175.669000, -3.000000
-44.287000, 5.642000, -175.669000, -3.000000
-44.287000, 5.642000, -175.669000, -3.000000
-44.286000, 5.649000, -175.669000, 3.000000
-44.286000, 5.649000, -175.669000, 0.000000
-44.286000, 5.649000, -175.669000, 0.000000
-44.286000, 5.649000, -175.669000, -3.000000
-44.286000, 5.649000, -175.669000, 3.000000
-44.286000, 5.649000, -175.669000, 0.000000
-44.286000, 5.649000, -175.669000, -6.000000
-44.286000, 5.649000, -175.669000, -3.000000
-44.286000, 5.649000, -175.669000, 0.000000
-44.286000, 5.649000, -175.669000, 0.000000
-44.286000, 5.649000, -175.669000, 0.000000
-44.286000, 5.649000, -175.669000, 0.000000
-44.286000, 5.649000, -175.669000, 3.000000
-44.286000, 5.649000, -175.669000, -21.500000
-44.293000, 5.555000, -175.612000, -21.500000
-44.293000, 5.553000, -175.497000, -9.500000
-44.293000, 5.558000, -175.382000, -9.500000
-44.293000, 5.558000, -175.382000, -3.000000
-44.294000, 5.543000, -175.325000, -52.500000
-44.294000, 5.541000, -175.211000, -18.500000
-44.294000, 5.546000, -175.096000, -12.500000
-44.296000, 5.522000, -174.924000, -21.500000
-44.294000, 5.540000, -174.752000, -18.500000
-44.295000, 5.531000, -174.638000, -21.500000
-44.296000, 5.523000, -174.580000, -12.500000
-44.295000, 5.536000, -174.466000, -18.500000
-44.294000, 5.541000, -174.351000, -12.500000
-44.296000, 5.524000, -174.179000, -12.500000
-44.295000, 5.535000, -174.007000, -18.500000
-44.295000, 5.530000, -173.664000, -9.000000
-44.297000, 5.511000, -173.377000, 21.500000
-44.302000, 5.471000, -172.689000, 12.500000
-44.305000, 5.454000, -171.658000, 3.000000
-44.300000, 5.483000, -169.080000, -3.000000
-44.302000, 5.474000, -166.788000, -3.000000
-44.286000, 5.530000, -163.350000, -9.000000
-44.284000, 5.537000, -160.314000, -15.500000
-44.279000, 5.547000, -156.246000, -12.500000
-44.244000, 5.620000, -152.865000, -37.000000
-44.228000, 5.645000, -148.568000, -18.500000
-44.220000, 5.657000, -145.073000, 3.000000
-44.152000, 5.751000, -140.833000, -40.000000
-44.082000, 5.832000, -135.963000, -34.000000
-44.055000, 5.858000, -132.984000, -25.000000
-43.986000, 5.918000, -129.431000, -52.000000
-43.963000, 5.935000, -126.796000, -21.500000
-43.936000, 5.955000, -123.587000, -37.000000
-43.891000, 5.983000, -121.123000, -33.500000
-43.873000, 5.994000, -118.087000, -15.500000
-43.801000, 6.029000, -115.107000, 31.000000
-43.754000, 6.049000, -112.071000, -12.500000
-43.758000, 6.048000, -109.664000, -15.000000
-43.718000, 6.062000, -106.570000, 27.500000
-43.661000, 6.077000, -103.591000, -15.000000
-43.652000, 6.079000, -100.669000, -15.000000
-43.592000, 6.089000, -98.262000, -3.000000
-43.577000, 6.091000, -95.283000, -15.500000
-43.503000, 6.095000, -92.361000, -3.000000
-43.493000, 6.094000, -89.496000, -6.000000
-43.481000, 6.094000, -87.204000, -9.000000
-43.494000, 6.095000, -84.225000, -33.500000
-43.460000, 6.090000, -81.933000, -9.000000
-43.464000, 6.091000, -79.125000, -6.000000
-43.483000, 6.094000, -77.063000, -9.500000
-43.461000, 6.089000, -74.542000, -12.500000
-43.457000, 6.088000, -72.594000, -15.500000
-43.405000, 6.071000, -69.786000, -9.500000
-43.379000, 6.061000, -68.010000, -15.500000
-43.371000, 6.058000, -65.947000, -15.500000
-43.348000, 6.047000, -64.458000, -18.500000
-43.271000, 6.009000, -63.083000, -6.000000
-43.216000, 5.980000, -62.510000, -6.000000
-43.229000, 5.987000, -62.452000, 758.000000
-43.297000, 6.023000, -62.624000, 933.500000
-43.328000, 6.039000, -62.682000, 933.500000
-43.366000, 6.058000, -62.739000, 933.500000
-43.411000, 6.081000, -62.739000, 936.500000
-43.462000, 6.108000, -62.739000, 933.500000
-43.494000, 6.124000, -62.739000, 1025.500000
-43.539000, 6.147000, -62.739000, 1029.000000
-43.577000, 6.167000, -62.739000, 1139.500000
-43.635000, 6.197000, -62.739000, 1170.500000
-43.699000, 6.230000, -62.739000, 1164.500000
-43.750000, 6.256000, -62.739000, 1118.000000
-43.880000, 6.323000, -62.567000, 1068.500000
-43.948000, 6.359000, -62.281000, 1065.500000
-44.061000, 6.419000, -61.937000, 1075.000000
-44.169000, 6.477000, -61.536000, 1075.000000
-44.292000, 6.544000, -60.848000, 1223.000000
-44.395000, 6.602000, -60.275000, 1377.000000
-44.544000, 6.689000, -59.416000, 1315.000000
-44.650000, 6.752000, -58.499000, 1376.500000
-44.813000, 6.854000, -57.754000, 1287.000000
-44.903000, 6.912000, -56.895000, 1302.500000
-45.056000, 7.013000, -56.264000, 1327.500000
-45.168000, 7.088000, -55.978000, 1299.500000
-45.336000, 7.202000, -55.863000, 1299.500000
-45.534000, 7.336000, -55.806000, 1293.500000
-45.677000, 7.433000, -55.806000, 1278.500000
-45.888000, 7.577000, -55.577000, 1383.000000
-46.061000, 7.696000, -55.520000, 1506.000000
-46.244000, 7.822000, -55.577000, 1518.000000
-46.434000, 7.952000, -55.577000, 1626.500000
-46.701000, 8.134000, -55.634000, 1567.500000
-46.862000, 8.245000, -55.577000, 1488.000000
-47.120000, 8.422000, -55.405000, 1506.000000
-47.310000, 8.553000, -55.348000, 1506.000000
-47.516000, 8.696000, -55.405000, 1509.000000
-47.724000, 8.839000, -55.405000, 1515.000000
-48.018000, 9.042000, -55.119000, 1527.500000
-48.182000, 9.158000, -54.717000, 1580.000000
-48.443000, 9.345000, -54.030000, 1574.000000
-48.656000, 9.501000, -53.342000, 1583.000000
-48.879000, 9.670000, -52.483000, 1540.000000
-49.060000, 9.811000, -51.681000, 1549.000000
-49.311000, 10.013000, -50.478000, 1537.000000
-49.463000, 10.140000, -49.847000, 1444.500000
-49.632000, 10.286000, -48.931000, 1401.500000
-49.821000, 10.451000, -48.587000, 1349.000000
-49.974000, 10.587000, -48.415000, 1207.500000
-50.178000, 10.769000, -48.415000, 998.000000
-50.221000, 10.807000, -48.415000, 6.000000
-50.248000, 10.830000, -48.472000, 6.000000
-50.297000, 10.874000, -48.415000, 3.000000
-50.329000, 10.902000, -48.415000, 3.000000
-50.334000, 10.906000, -48.472000, 3.000000
-50.334000, 10.906000, -48.472000, 0.000000
-50.334000, 10.906000, -48.472000, 3.000000
-50.334000, 10.906000, -48.472000, 0.000000
-50.334000, 10.906000, -48.472000, 0.000000
-50.334000, 10.906000, -48.472000, 0.000000
-50.334000, 10.906000, -48.472000, 0.000000
-50.334000, 10.906000, -48.472000, -6.000000
-50.334000, 10.906000, -48.472000, -3.000000
-50.334000, 10.906000, -48.472000, 3.000000
-50.334000, 10.906000, -48.472000, 0.000000
-50.334000, 10.906000, -48.472000, 6.000000
-50.334000, 10.906000, -48.472000, 0.000000
-50.334000, 10.906000, -48.472000, 3.000000
-50.334000, 10.906000, -48.472000, 0.000000
-50.334000, 10.906000, -48.472000, 3.000000
-50.329000, 10.902000, -48.415000, -3.000000
-50.329000, 10.902000, -48.415000, 3.000000
-50.410000, 10.974000, -48.415000, 18.500000
-50.541000, 11.090000, -48.300000, -9.500000
-50.539000, 11.088000, -48.014000, -6.000000
-50.547000, 11.096000, -47.785000, -12.500000
-50.562000, 11.110000, -47.384000, -3.000000
-50.576000, 11.122000, -47.154000, 3.000000
-50.577000, 11.124000, -46.581000, -12.500000
-50.595000, 11.141000, -45.951000, 15.500000
-50.588000, 11.134000, -45.264000, -18.500000
-50.604000, 11.150000, -44.347000, 6.000000
-50.618000, 11.165000, -43.545000, -15.000000
-50.625000, 11.173000, -42.456000, -12.000000
-50.629000, 11.177000, -41.253000, -6.000000
-50.657000, 11.210000, -39.935000, -6.000000
-50.655000, 11.208000, -38.789000, -9.000000
-50.679000, 11.238000, -37.357000, -9.000000
-50.700000, 11.266000, -36.096000, -6.000000
-50.704000, 11.271000, -34.435000, -12.500000
-50.712000, 11.283000, -33.117000, -9.500000
-50.717000, 11.291000, -31.226000, -9.500000
-50.747000, 11.342000, -30.252000, -6.500000
-50.752000, 11.352000, -28.304000, -6.500000
-50.765000, 11.376000, -26.643000, -15.500000
-50.778000, 11.402000, -25.325000, -9.500000
-50.793000, 11.434000, -23.606000, 18.500000
-50.791000, 11.430000, -22.173000, -9.000000
-50.798000, 11.449000, -20.054000, -9.000000
-50.794000, 11.438000, -18.621000, -15.500000
-50.794000, 11.437000, -16.501000, -6.500000
-50.798000, 11.446000, -15.011000, -9.500000
-50.803000, 11.468000, -13.235000, -12.500000
-50.807000, 11.485000, -11.746000, -6.500000
-50.814000, 11.521000, -9.969000, -9.500000
-50.813000, 11.515000, -8.594000, -9.000000
-50.819000, 11.558000, -6.875000, -9.500000
-50.820000, 11.566000, -5.500000, -9.500000
-50.818000, 11.546000, -3.667000, -15.500000
-50.818000, 11.540000, -1.833000, -15.500000
-50.818000, 11.542000, 0.000000, -15.500000
-50.819000, 11.517000, 1.547000, -9.500000
-50.819000, 11.515000, 3.610000, -12.500000
-50.821000, 11.487000, 5.787000, -12.500000
-50.821000, 11.486000, 7.506000, -12.500000
-50.819000, 11.500000, 9.626000, -12.500000
-50.826000, 11.465000, 11.402000, -15.500000
-50.827000, 11.458000, 13.579000, -12.500000
-50.841000, 11.402000, 15.756000, 0.000000
-50.867000, 11.320000, 17.934000, -952.000000
-50.911000, 11.188000, 19.538000, -961.000000
-50.967000, 11.038000, 21.142000, -1047.500000
-51.033000, 10.873000, 22.173000, -1192.000000
-51.111000, 10.684000, 22.861000, -1176.500000
-51.158000, 10.574000, 23.033000, -1241.000000
-51.211000, 10.448000, 23.033000, -1284.500000
-51.254000, 10.348000, 22.976000, -1278.000000
-51.305000, 10.227000, 22.918000, -1275.000000
-51.358000, 10.101000, 22.918000, -1278.500000
-51.406000, 9.989000, 22.918000, -1275.000000
-51.465000, 9.850000, 22.918000, -1281.500000
-51.507000, 9.750000, 22.918000, -1284.500000
-51.563000, 9.617000, 22.918000, -1284.500000
-51.608000, 9.511000, 22.918000, -1281.000000
-51.669000, 9.365000, 22.918000, -1290.500000
-51.712000, 9.265000, 22.861000, -1290.500000
-51.773000, 9.119000, 22.861000, -1275.500000
-51.818000, 9.013000, 22.861000, -1287.500000
-51.880000, 8.867000, 22.861000, -1290.500000
-51.938000, 8.728000, 22.861000, -1290.500000
-52.009000, 8.561000, 22.804000, -1302.500000
-52.051000, 8.461000, 22.746000, -1266.000000
-52.115000, 8.308000, 22.746000, -1185.500000
-52.165000, 8.188000, 22.746000, -1176.500000
-52.209000, 8.082000, 22.746000, -1179.500000
-52.251000, 7.982000, 22.746000, -1179.500000
-52.287000, 7.897000, 22.804000, -1167.500000
-52.318000, 7.823000, 22.746000, -1198.000000
-52.340000, 7.770000, 22.746000, -1361.500000
-52.360000, 7.723000, 22.689000, -1259.500000
-52.371000, 7.696000, 22.689000, -1259.500000
-52.382000, 7.670000, 22.689000, -1259.500000
-52.393000, 7.644000, 22.746000, -1364.500000
-52.405000, 7.616000, 22.689000, -1361.500000
-52.416000, 7.589000, 22.632000, -1687.500000
-52.449000, 7.510000, 22.689000, -1943.500000
-52.482000, 7.430000, 22.689000, -1940.500000
-52.521000, 7.337000, 22.689000, -1835.500000
-52.580000, 7.197000, 22.632000, -1916.000000
-52.619000, 7.104000, 22.632000, -1826.500000
-52.685000, 6.945000, 22.632000, -1925.000000
-52.740000, 6.812000, 22.632000, -2054.500000
-52.810000, 6.645000, 22.632000, -2054.500000
-52.896000, 6.439000, 22.575000, -2060.500000
-52.965000, 6.272000, 22.575000, -2066.500000
-53.048000, 6.072000, 22.517000, -2066.500000
-53.115000, 5.912000, 22.460000, -1253.500000
-53.195000, 5.718000, 22.403000, -1004.000000
-53.231000, 5.630000, 22.345000, -61.500000
-53.239000, 5.611000, 22.403000, -6.000000
-53.239000, 5.611000, 22.403000, 0.000000
-53.239000, 5.611000, 22.403000, -3.000000
-53.239000, 5.611000, 22.403000, -3.000000
-53.239000, 5.611000, 22.403000, 0.000000
-53.233000, 5.624000, 22.345000, 3.000000
-53.231000, 5.630000, 22.345000, 0.000000
-53.231000, 5.630000, 22.345000, -3.000000
-53.228000, 5.636000, 22.288000, 3.000000
-53.231000, 5.630000, 22.345000, 6.000000
-53.231000, 5.630000, 22.345000, 3.000000
-53.228000, 5.636000, 22.288000, 3.000000
-53.231000, 5.630000, 22.345000, 3.000000
-53.231000, 5.630000, 22.345000, -3.000000
-53.231000, 5.630000, 22.345000, 3.000000
-53.231000, 5.630000, 22.345000, 6.000000
-53.231000, 5.630000, 22.345000, 3.000000
-53.228000, 5.636000, 22.288000, 3.000000
-53.231000, 5.630000, 22.345000, 0.000000
-53.231000, 5.630000, 22.345000, 3.000000
-53.231000, 5.630000, 22.345000, -6.000000
-53.231000, 5.630000, 22.345000, 0.000000
-53.231000, 5.630000, 22.345000, 3.000000
-53.228000, 5.636000, 22.288000, -3.000000
-53.231000, 5.630000, 22.345000, 3.000000
-53.231000, 5.630000, 22.345000, 0.000000
-53.228000, 5.636000, 22.288000, 0.000000
-53.231000, 5.630000, 22.345000, 0.000000
-53.231000, 5.630000, 22.345000, -3.000000
-53.228000, 5.636000, 22.288000, 3.000000
-53.231000, 5.630000, 22.345000, -3.000000
-53.231000, 5.630000, 22.345000, -3.000000
-53.231000, 5.630000, 22.345000, -6.000000
-53.231000, 5.630000, 22.345000, 0.000000
-53.228000, 5.636000, 22.288000, 6.000000
-53.231000, 5.630000, 22.345000, 6.000000
-53.231000, 5.630000, 22.345000, 0.000000
-53.231000, 5.630000, 22.345000, -3.000000
-53.228000, 5.636000, 22.288000, 3.000000
-53.231000, 5.630000, 22.345000, 0.000000
-53.231000, 5.630000, 22.345000, -3.000000
-53.231000, 5.630000, 22.345000, 0.000000
-53.228000, 5.636000, 22.288000, 0.000000
-53.228000, 5.636000, 22.288000, 0.000000
-53.228000, 5.636000, 22.288000, -3.000000
-53.228000, 5.636000, 22.288000, 0.000000
-53.231000, 5.630000, 22.345000, -3.000000
-53.231000, 5.630000, 22.345000, 0.000000
-53.231000, 5.630000, 22.345000, 0.000000
-53.231000, 5.630000, 22.345000, 3.000000
-53.231000, 5.630000, 22.345000, 0.000000
-53.231000, 5.630000, 22.345000, 3.000000
-53.231000, 5.630000, 22.345000, 0.000000
-53.231000, 5.630000, 22.345000, -3.000000
-53.231000, 5.630000, 22.345000, 6.000000
-53.231000, 5.630000, 22.345000, -3.000000
-53.231000, 5.630000, 22.345000, 0.000000
-53.231000, 5.630000, 22.345000, 3.000000
-53.231000, 5.630000, 22.345000, -6.000000
-53.231000, 5.630000, 22.345000, -3.000000
-53.231000, 5.630000, 22.345000, 0.000000
-53.231000, 5.630000, 22.345000, 0.000000
-53.231000, 5.630000, 22.345000, 0.000000
-53.231000, 5.630000, 22.345000, 3.000000
-53.231000, 5.630000, 22.345000, 0.000000
-53.231000, 5.630000, 22.345000, 0.000000
-53.231000, 5.630000, 22.345000, 3.000000
-53.231000, 5.630000, 22.345000, 6.000000
-53.231000, 5.630000, 22.345000, -3.000000
-53.231000, 5.630000, 22.345000, 0.000000
-53.231000, 5.630000, 22.345000, 0.000000
-53.231000, 5.630000, 22.345000, -3.000000
-53.231000, 5.630000, 22.345000, 3.000000
-53.231000, 5.630000, 22.345000, 0.000000
-53.231000, 5.630000, 22.345000, -6.000000
-53.231000, 5.630000, 22.345000, 0.000000
-53.231000, 5.630000, 22.345000, -3.000000
-53.231000, 5.630000, 22.345000, 3.000000
-53.231000, 5.630000, 22.345000, 6.000000
-53.231000, 5.630000, 22.345000, -3.000000
-53.231000, 5.630000, 22.345000, -3.000000
-53.231000, 5.630000, 22.345000, 3.000000
-53.231000, 5.630000, 22.345000, 0.000000
-53.231000, 5.630000, 22.345000, 0.000000
-53.231000, 5.630000, 22.345000, 0.000000
-53.231000, 5.630000, 22.345000, 0.000000
-53.231000, 5.630000, 22.345000, 0.000000
-53.231000, 5.630000, 22.345000, 6.000000
-53.231000, 5.630000, 22.345000, -3.000000
-53.231000, 5.630000, 22.345000, -6.000000
-53.231000, 5.630000, 22.345000, 3.000000
-53.231000, 5.630000, 22.345000, 0.000000
-53.231000, 5.630000, 22.345000, -3.000000
-53.231000, 5.630000, 22.345000, 0.000000
-53.231000, 5.630000, 22.345000, -3.000000
-53.231000, 5.630000, 22.345000, 0.000000
-53.231000, 5.630000, 22.345000, -3.000000
-53.231000, 5.630000, 22.345000, 0.000000
-53.231000, 5.630000, 22.345000, 0.000000
-53.231000, 5.630000, 22.345000, 0.000000
-53.231000, 5.630000, 22.345000, 3.000000
-53.231000, 5.630000, 22.345000, -3.000000
-53.231000, 5.630000, 22.345000, 3.000000
-53.231000, 5.630000, 22.345000, 3.000000
-53.231000, 5.630000, 22.345000, 0.000000
-53.231000, 5.630000, 22.345000, -3.000000
-53.231000, 5.630000, 22.345000, 0.000000
-53.231000, 5.630000, 22.345000, -3.000000
-53.231000, 5.630000, 22.345000, 0.000000
-53.231000, 5.630000, 22.345000, 0.000000
-53.231000, 5.630000, 22.345000, 0.000000
-53.231000, 5.630000, 22.345000, -3.000000
-53.231000, 5.630000, 22.345000, -3.000000
-53.231000, 5.630000, 22.345000, -6.000000
-53.231000, 5.630000, 22.345000, 0.000000
-53.231000, 5.630000, 22.345000, 3.000000
-53.231000, 5.630000, 22.345000, 0.000000
-53.231000, 5.630000, 22.345000, 0.000000
-53.231000, 5.630000, 22.345000, 0.000000
-53.231000, 5.630000, 22.345000, 0.000000
-53.231000, 5.630000, 22.345000, -3.000000
-53.231000, 5.630000, 22.345000, -6.000000
-53.231000, 5.630000, 22.345000, -6.000000
-53.231000, 5.630000, 22.345000, 6.000000
-53.231000, 5.630000, 22.345000, 0.000000
-53.231000, 5.630000, 22.345000, 3.000000
-53.231000, 5.630000, 22.345000, 0.000000
-53.231000, 5.630000, 22.345000, -6.000000
-53.231000, 5.630000, 22.345000, 0.000000
-53.231000, 5.630000, 22.345000, 0.000000
-53.231000, 5.630000, 22.345000, 0.000000
-53.231000, 5.630000, 22.345000, 0
endData