2, 0, 140.000000, 0, 0, 0, STOPPED, 0
2, 0, 140.000000, 0, 0, 0, STOPPED, 0
2, 0, 140.000000, 0, 0, 0, STOPPED, 0
0, 0, 140.000000, 0, 0, 0, STOPPED, 0
0, 0, 140.000000, 0, 0, 0, STOPPED, 0
0, 0, 140.000000, 0, 0, 0, STOPPED, 0
0, 0, 140.000000, 0, 0, 0, STOPPED, 0
0, 0, 140.000000, 0, 0, 0, STOPPED, 0
0, 0, 140.000000, 0, 0, 0, STOPPED, 0
0, 0, 140.000000, 0, 0, 0, STOPPED, 0
0, 0, 140.000000, 0, 0, 0, STOPPED, 0
0, 0, 140.000000, 0, 0, 0, STOPPED, 0
0, 0, 140.000000, 0, 0, 0, STOPPED, 0
0, 0, 140.000000, 0, 0, 0, STOPPED, 0
0, 0, 140.000000, 0, 0, 0, STOPPED, 0
0, 0, 140.000000, 0, 0, 0, STOPPED, 0
0, 0, 140.000000, 0, 0, 0, STOPPED, 0
0, 0, 140.000000, 0, 0, 0, STOPPED, 0
0, 0, 140.000000, 0, 0, 0, STOPPED, 0
0, 0, 140.000000, 0, 0, 0, STOPPED, 0
0, 0, 140.000000, 0, 0, 0, STOPPED, 0
0, 0, 140.000000, 0, 0, 0, STOPPED, 0
0, 0, 140.000000, 0, 0, 0, STOPPED, 0
0, 0, 140.000000, 0, 0, 0, STOPPED, 0
0, 0, 0.000000, 0, 0, 0, STOPPED, 0
0, 0, 0.000000, 0, 0, 0, STOPPED, 0
0, 0, 0.000000, 0, 0, 0, STOPPED, 0
0, 0, 0.000000, 0, 0, 0, STOPPED, 0
0, 0, 0.000000, 0, 0, 0, STOPPED, 0
0, 0, 0.000000, 0, 0, 0, STOPPED, 0
0, 0, 0.000000, 0, 0, 0, STOPPED, 0
0, 0, 0.000000, 0, 0, 0, STOPPED, 0
0, 0, 0.000000, 0, 0, 0, STOPPED, 0
0, 0, 0.000000, 0, 0, 0, STOPPED, 0
0, 0, 0.000000, 0, 0, 0, STOPPED, 0
0, 0, 0.000000, 0, 0, 0, STOPPED, 0
0, 0, 0.000000, 0, 0, 0, STOPPED, 0
0, 0, 0.000000, 0, 0, 0, STOPPED, 0
0, 0, 0.000000, 0, 0, 0, STOPPED, 0
0, 0, 0.000000, 0, 0, 0, STOPPED, 0
0, 0, 0.000000, 0, 0, 0, STOPPED, 0
0, 0, 0.000000, 0, 0, 0, STOPPED, 0
0, 0, 0.000000, 0, 0, 0, STOPPED, 0
0, 0, 0.000000, 0, 0, 0, STOPPED, 0
0, 0, 0.000000, 0, 0, 0, STOPPED, 0
0, 0, 0.000000, 0, 0, 0, STOPPED, 0
0, 0, 0.000000, 0, 0, 1, STOPPED, 1
0, 0, 0.000000, 0, 0, 1, STOPPED, 1
0, 0, 0.000000, 0, 0, 1, STOPPED, 1
0, 0, 0.000000, 0, 0, 1, STOPPED, 1
0, 0, 0.000000, 0, 0, 1, STOPPED, 1
0, 0, 0.000000, 0, 0, 1, STOPPED, 1
0, 0, 0.000000, 0, 0, 1, STOPPED, 1
0, 0, 0.000000, 0, 0, 1, STOPPED, 1
0, 0, 0.000000, 0, 0, 1, STOPPED, 1
0, 0, 0.000000, 0, 0, 1, STOPPED, 1
0, 0, 0.000000, 0, 0, 1, STOPPED, 1
0, 0, 0.000000, 0, 0, 1, STOPPED, 1
0, 0, 0.000000, 0, 0, 1, STOPPED, 1
0, 0, 0.000000, 0, 0, 1, STOPPED, 1
0, 0, 0.000000, 0, 0, 1, STOPPED, 1
0, 0, 0.000000, 0, 0, 1, STOPPED, 1
0, 0, 0.000000, 0, 0, 1, STOPPED, 1
0, 0, 0.000000, 0, 0, 1, STOPPED, 1
0, 0, 0.000000, 0, 0, 1, STOPPED, 1
0, 0, 0.000000, 0, 0, 1, GOING, 1
0, 0, 0.000000, 0, 0, 1, GOING, 1
0, 0, 0.000000, 0, 0, 1, GOING, 1
0, 0, 0.000000, 0, 0, 1, GOING, 1
0, 0, 0.000000, 0, 0, 1, GOING, 1
0, 0, 0.000000, 0, 0, 1, GOING, 1
0, 0, 0.000000, 0, 0, 1, GOING, 1
0, 0, 0.000000, 0, 0, 1, GOING, 1
0, 0, 0.000000, 0, 0, 1, GOING, 1
0, 0, 0.000000, 0, 0, 1, GOING, 1
0, 0, 0.000000, 0, 0, 1, GOING, 1
0, 0, 0.000000, 0, 0, 1, GOING, 1
0, 0, 0.000000, 0, 0, 1, GOING, 1
0, 0, 0.000000, 0, 0, 1, GOING, 1
0, 0, 0.000000, 0, 0, 1, GOING, 1
0, 0, 0.000000, 0, 0, 1, GOING, 1
0, 0, 0.000000, 0, 0, 1, GOING, 1
0, 0, 0.000000, 0, 0, 1, GOING, 1
0, 0, 0.000000, 0, 0, 1, GOING, 1
0, 0, 0.000000, 0, 0, 1, GOING, 1
0, 0, 0.000000, 0, 0, 1, GOING, 1
0, 0, 0.000000, 0, 0, 1, GOING, 1
0, 0, 0.000000, 0, 0, 1, GOING, 1
0, 0, 0.000000, 0, 0, 1, GOING, 1
0, 0, 0.000000, 0, 0, 1, GOING, 1
0, 0, 0.000000, 0, 0, 1, GOING, 1
0, 0, 0.000000, 0, 0, 1, GOING, 1
0, 0, 0.000000, 0, 0, 1, GOING, 1
0, 0, 0.000000, 0, 0, 1, GOING, 1
0, 0, 0.000000, 0, 0, 1, GOING, 1
0, 0, 0.000000, 0, 0, 1, GOING, 1
0, 0, 0.000000, 0, 0, 1, GOING, 1
0, 0, 0.000000, 0, 0, 1, GOING, 1
0, 0, 0.000000, 0, 0, 1, GOING, 1
0, 0, 0.000000, 0, 0, 1, GOING, 1
0, 0, 0.000000, 0, 0, 1, GOING, 1
0, 0, 0.000000, 0, 0, 1, GOING, 1
0, 0, 0.000000, 0, 0, 1, GOING, 1
0, 0, 0.000000, 0, 0, 1, GOING, 1
0, 0, 0.000000, 0, 0, 1, GOING, 1
0, 0, 0.000000, 0, 0, 1, GOING, 1
0, 0, 0.000000, 0, 0, 1, GOING, 1
0, 0, 0.000000, 0, 0, 1, GOING, 1
0, 0, 0.000000, 0, 0, 1, GOING, 1
0, 0, 0.000000, 0, 0, 1, GOING, 1
0, 0, 0.000000, 0, 0, 1, GOING, 1
0, 0, 0.000000, 0, 0, 1, GOING, 1
0, 0, 0.000000, 0, 0, 1, GOING, 1
0, 0, 0.000000, 0, 0, 1, GOING, 1
0, 0, 0.000000, 0, 0, 1, GOING, 1
0, 0, 0.000000, 0, 0, 1, GOING, 1
0, 0, 0.000000, 0, 0, 1, GOING, 1
0, 0, 0.000000, 0, 0, 1, GOING, 1
0, 0, 0.000000, 0, 0, 1, GOING, 1
0, 0, 0.000000, 0, 0, 1, GOING, 1
0, 0, 0.000000, 0, 0, 1, GOING, 1
0, 0, 0.000000, 0, 0, 1, GOING, 1
0, 0, 0.000000, 0, 0, 1, GOING, 1
0, 0, 0.000000, 0, 0, 1, GOING, 1
0, 0, 0.000000, 0, 0, 1, GOING, 1
0, 0, 0.000000, 0, 0, 1, GOING, 1
0, 0, 0.000000, 0, 0, 1, GOING, 1
0, 0, 0.000000, 0, 0, 1, GOING, 1
0, 0, 0.000000, 0, 0, 1, GOING, 1
0, 0, 0.000000, 0, 0, 1, GOING, 1
0, 0, 0.000000, 0, 0, 1, GOING, 1
0, 0, 0.000000, 0, 0, 1, GOING, 1
0, 0, 0.000000, 0, 0, 1, GOING, 1
0, 0, 0.000000, 0, 0, 1, GOING, 1
0, 0, 0.000000, 0, 0, 1, GOING, 1
0, 0, 0.000000, 0, 0, 1, GOING, 1
0, 0, 0.000000, 0, 0, 1, GOING, 1
0, 0, 0.000000, 0, 0, 1, GOING, 1
0, 0, 0.000000, 0, 0, 1, GOING, 1
0, 0, 0.000000, 0, 0, 1, GOING, 1
0, 0, 0.000000, 0, 0, 1, GOING, 1
0, 0, 0.000000, 0, 0, 1, GOING, 1
0, 0, 0.000000, 0, 0, 1, GOING, 1
0, 0, 0.000000, 0, 0, 1, GOING, 1
0, 0, 0.000000, 0, 0, 1, GOING, 1
0, 0, 0.000000, 0, 0, 1, GOING, 1
0, 0, 0.000000, 0, 0, 1, STOPPED, 1
0, 0, 0.000000, 0, 0, 1, STOPPED, 1
0, 0, 0.000000, 0, 0, 1, STOPPED, 1
0, 0, 0.000000, 0, 0, 1, STOPPED, 1
0, 0, 0.000000, 0, 0, 1, STOPPED, 1
0, 1, 0.000000, 0, 0, 1, STOPPED, 1
0, 1, 0.000000, 0, 0, 1, STOPPED, 1
0, 1, 0.000000, 0, 0, 1, STOPPED, 1
0, 1, 0.000000, 0, 0, 1, STOPPED, 1
0, 1, 0.000000, 0, 0, 1, STOPPED, 1
0, 1, 0.000000, 0, 0, 1, STOPPED, 1
0, 1, 0.000000, 0, 0, 1, STOPPED, 1
0, 1, 0.000000, 0, 0, 1, STOPPED, 1
0, 1, 0.000000, 0, 0, 1, STOPPED, 1
0, 1, 0.000000, 0, 0, 1, STOPPED, 1
0, 1, 0.000000, 0, 0, 1, STOPPED, 1
0, 1, 0.000000, 0, 0, 1, STOPPED, 1
0, 1, 0.000000, 0, 0, 1, STOPPED, 1
0, 1, 0.000000, 0, 0, 1, STOPPED, 1
0, 1, 0.000000, 0, 0, 1, STOPPED, 1
0, 1, 0.000000, 0, 0, 1, STOPPED, 1
0, 1, 0.000000, 0, 0, 1, STOPPED, 1
0, 1, 0.000000, 0, 0, 1, STOPPED, 1
0, 1, 0.000000, 0, 0, 1, STOPPED, 1
0, 1, 0.000000, 0, 0, 0, STOPPED, 2
0, 1, 0.000000, 0, 0, 0, STOPPED, 2
0, 1, 0.000000, 0, 0, 0, STOPPED, 2
0, 1, 0.000000, 0, 0, 0, STOPPED, 2
0, 1, 0.000000, 0, 0, 0, STOPPED, 2
0, 1, 0.000000, 0, 0, 0, STOPPED, 2
0, 1, 0.000000, 0, 0, 0, STOPPED, 2
0, 1, 0.000000, 0, 0, 0, STOPPED, 2
0, 1, 0.000000, 0, 0, 0, STOPPED, 2
0, 1, 0.000000, 0, 0, 0, STOPPED, 2
0, 1, 0.000000, 0, 0, 0, STOPPED, 2
0, 1, 0.000000, 0, 0, 0, STOPPED, 2
0, 1, 0.000000, 0, 0, 0, STOPPED, 2
0, 1, 0.000000, 0, 0, 0, STOPPED, 2
0, 1, 0.000000, 0, 0, 0, STOPPED, 2
0, 1, 0.000000, 0, 0, 0, STOPPED, 2
0, 1, 0.000000, 0, 0, 0, STOPPED, 2
0, 1, 0.000000, 0, 0, 0, STOPPED, 2
0, 1, 0.000000, 0, 0, 0, STOPPED, 2
0, 1, 0.000000, 0, 0, 0, STOPPED, 2
0, 1, 0.000000, 0, 0, 0, STOPPED, 2
0, 1, 0.000000, 0, 0, 0, STOPPED, 2
0, 1, 0.000000, 0, 0, 0, STOPPED, 2
0, 1, 0.000000, 0, 0, 0, STOPPED, 2
0, 1, 0.000000, 0, 0, 0, STOPPED, 2
0, 1, 0.000000, 0, 0, 0, STOPPED, 2
0, 1, 0.000000, 0, 0, 0, STOPPED, 2
0, 1, 0.000000, 0, 0, 0, STOPPED, 2
0, 1, 0.000000, 0, 0, 0, STOPPED, 2
0, 1, 0.000000, 0, 0, 0, STOPPED, 2
0, 1, 0.000000, 0, 0, 0, TURNING CW, 2
0, 1, 0.000000, 0, 0, 0, TURNING CW, 2
0, 1, 0.000000, 0, 0, 0, TURNING CW, 2
0, 1, 0.000000, 0, 0, 0, TURNING CW, 2
0, 1, 0.000000, 0, 0, 0, TURNING CW, 2
0, 1, 0.000000, 0, 0, 0, TURNING CW, 2
0, 1, 0.000000, 0, 0, 0, TURNING CW, 2
0, 1, 0.000000, 0, 0, 0, TURNING CW, 2
0, 1, 0.000000, 0, 0, 0, TURNING CW, 2
0, 1, 0.000000, 0, 0, 0, TURNING CW, 2
0, 1, 0.000000, 0, 0, 0, TURNING CW, 2
0, 1, 0.000000, 0, 0, 0, TURNING CW, 2
0, 1, 0.000000, 0, 0, 0, TURNING CW, 2
0, 1, 0.000000, 0, 0, 0, TURNING CW, 2
0, 1, 0.000000, 0, 0, 0, TURNING CW, 2
0, 1, 0.000000, 0, 0, 0, TURNING CW, 2
0, 1, 0.000000, 0, 0, 0, TURNING CW, 2
0, 1, 0.000000, 0, 0, 0, TURNING CW, 2
0, 1, 0.000000, 0, 0, 0, TURNING CW, 2
0, 1, 0.000000, 0, 0, 0, TURNING CW, 2
0, 1, 0.000000, 0, 0, 0, TURNING CW, 2
0, 1, 0.000000, 0, 0, 0, TURNING CW, 2
0, 1, 0.000000, 0, 0, 0, TURNING CW, 2
0, 1, 0.000000, 0, 0, 0, TURNING CW, 2
0, 1, 0.000000, 0, 0, 0, TURNING CW, 2
0, 1, 0.000000, 0, 0, 0, TURNING CW, 2
0, 1, 0.000000, 0, 0, 0, TURNING CW, 2
0, 1, 0.000000, 0, 0, 0, TURNING CW, 2
0, 1, 0.000000, 0, 0, 0, TURNING CW, 2
0, 1, 0.000000, 0, 0, 0, TURNING CW, 2
0, 1, 0.000000, 0, 0, 0, TURNING CW, 2
0, 1, 0.000000, 0, 0, 0, TURNING CW, 2
0, 1, 0.000000, 0, 0, 0, TURNING CW, 2
0, 1, 0.000000, 0, 0, 0, TURNING CW, 2
0, 1, 0.000000, 0, 0, 0, TURNING CW, 2
0, 1, 0.000000, 0, 0, 0, TURNING CW, 2
0, 1, 0.000000, 0, 0, 0, TURNING CW, 2
0, 1, 0.000000, 0, 0, 0, TURNING CW, 2
0, 1, 0.000000, 0, 0, 0, TURNING CW, 2
0, 1, 0.000000, 0, 0, 0, TURNING CW, 2
0, 1, 0.000000, 0, 0, 0, TURNING CW, 2
0, 1, 0.000000, 0, 0, 0, TURNING CW, 2
0, 1, 0.000000, 0, 0, 0, TURNING CW, 2
0, 1, 0.000000, 0, 0, 0, TURNING CW, 2
0, 1, 0.000000, 0, 0, 0, TURNING CW, 2
0, 1, 0.000000, 0, 0, 0, TURNING CW, 2
0, 1, 0.000000, 0, 0, 0, TURNING CW, 2
0, 1, 0.000000, 0, 0, 0, TURNING CW, 2
0, 1, 0.000000, 0, 0, 0, TURNING CW, 2
0, 1, 0.000000, 0, 0, 0, TURNING CW, 2
0, 1, 0.000000, 0, 0, 0, TURNING CW, 2
0, 1, 0.000000, 0, 0, 0, TURNING CW, 2
0, 1, 0.000000, 0, 0, 0, TURNING CW, 2
0, 1, 0.000000, 0, 0, 0, TURNING CW, 2
0, 1, 0.000000, 0, 0, 0, TURNING CW, 2
0, 1, 0.000000, 0, 0, 0, TURNING CW, 2
0, 1, 0.000000, 0, 0, 0, TURNING CW, 2
0, 1, 0.000000, 0, 0, 0, TURNING CW, 2
0, 1, 0.000000, 0, 0, 0, TURNING CW, 2
0, 1, 0.000000, 0, 0, 0, TURNING CW, 2
0, 1, 0.000000, 0, 0, 0, TURNING CW, 2
0, 1, 0.000000, 0, 0, 0, TURNING CW, 2
0, 1, 0.000000, 0, 0, 0, TURNING CW, 2
0, 1, 0.000000, 0, 0, 0, TURNING CW, 2
0, 1, 0.000000, 0, 0, 0, TURNING CW, 2
0, 1, 0.000000, 0, 0, 0, TURNING CW, 2
0, 1, 0.000000, 0, 0, 0, TURNING CW, 2
0, 1, 0.000000, 0, 0, 0, TURNING CW, 2
0, 1, 0.000000, 0, 0, 0, TURNING CW, 2
0, 1, 0.000000, 0, 0, 0, TURNING CW, 2
0, 1, 0.000000, 0, 0, 0, TURNING CW, 2
0, 1, 0.000000, 0, 0, 0, TURNING CW, 2
0, 1, 0.000000, 0, 0, 0, TURNING CW, 2
0, 1, 0.000000, 0, 0, 0, TURNING CW, 2
0, 1, 0.000000, 0, 0, 0, TURNING CW, 2
0, 1, 0.000000, 0, 0, 0, TURNING CW, 2
0, 1, 0.000000, 0, 0, 0, TURNING CW, 2
0, 1, 0.000000, 0, 0, 0, TURNING CW, 2
0, 1, 0.000000, 0, 0, 0, TURNING CW, 2
0, 1, 0.000000, 0, 0, 0, TURNING CW, 2
0, 1, 0.000000, 0, 0, 0, TURNING CW, 2
0, 1, 0.000000, 0, 0, 0, TURNING CW, 2
0, 1, 0.000000, 0, 0, 0, TURNING CW, 2
0, 1, 0.000000, 0, 0, 0, TURNING CW, 2
0, 1, 0.000000, 0, 0, 0, TURNING CW, 2
0, 1, 0.000000, 0, 0, 0, TURNING CW, 2
0, 1, 0.000000, 0, 0, 0, TURNING CW, 2
0, 1, 0.000000, 0, 0, 0, TURNING CW, 2
0, 1, 0.000000, 0, 0, 0, TURNING CW, 2
0, 1, 0.000000, 0, 0, 0, TURNING CW, 2
0, 1, 0.000000, 0, 0, 0, TURNING CW, 2
0, 1, 0.000000, 0, 0, 0, TURNING CW, 2
0, 1, 0.000000, 0, 0, 0, STOPPED, 2
0, 1, 0.000000, 0, 0, 0, STOPPED, 2
0, 1, 0.000000, 0, 0, 0, STOPPED, 2
0, 1, 0.000000, 0, 0, 0, STOPPED, 2
0, 1, 0.000000, 0, 0, 0, STOPPED, 2
0, 1, 0.000000, 0, 0, 0, STOPPED, 2
0, 1, 0.000000, 0, 0, 0, STOPPED, 2
0, 1, 0.000000, 0, 0, 0, STOPPED, 2
0, 1, 0.000000, 0, 0, 0, STOPPED, 2
0, 1, 0.000000, 0, 0, 0, STOPPED, 2
0, 1, 0.000000, 0, 0, 0, STOPPED, 2
0, 1, 0.000000, 0, 0, 0, STOPPED, 2
0, 1, 0.000000, 0, 0, 0, STOPPED, 2
0, 1, 0.000000, 0, 0, 0, STOPPED, 2
0, 1, 0.000000, 0, 0, 0, STOPPED, 2
0, 1, 0.000000, 0, 0, 0, STOPPED, 2
0, 1, 0.000000, 0, 0, 0, STOPPED, 2
0, 1, 0.000000, 0, 0, 0, STOPPED, 2
0, 1, 0.000000, 0, 0, 0, STOPPED, 2
0, 1, 0.000000, 0, 0, 0, STOPPED, 2
0, 1, 0.000000, 0, 0, 1, STOPPED, 3
0, 1, 0.000000, 0, 0, 1, STOPPED, 3
0, 1, 0.000000, 0, 0, 1, STOPPED, 3
0, 1, 0.000000, 0, 0, 1, STOPPED, 3
0, 1, 0.000000, 0, 0, 1, STOPPED, 3
0, 1, 0.000000, 0, 0, 1, STOPPED, 3
0, 1, 0.000000, 0, 0, 1, STOPPED, 3
0, 1, 0.000000, 0, 0, 1, STOPPED, 3
0, 1, 0.000000, 0, 0, 1, STOPPED, 3
0, 1, 0.000000, 0, 0, 1, STOPPED, 3
0, 1, 0.000000, 0, 0, 1, STOPPED, 3
0, 1, 0.000000, 0, 0, 1, STOPPED, 3
0, 1, 0.000000, 0, 0, 1, STOPPED, 3
0, 1, 0.000000, 0, 0, 1, STOPPED, 3
0, 1, 0.000000, 0, 0, 1, STOPPED, 3
0, 1, 0.000000, 0, 0, 1, STOPPED, 3
0, 1, 0.000000, 0, 0, 1, STOPPED, 3
0, 1, 0.000000, 0, 0, 1, STOPPED, 3
0, 1, 0.000000, 0, 0, 1, STOPPED, 3
0, 1, 0.000000, 0, 0, 1, STOPPED, 3
0, 1, 0.000000, 0, 0, 1, STOPPED, 3
0, 1, 0.000000, 0, 0, 1, STOPPED, 3
0, 1, 0.000000, 0, 0, 1, GOING, 3
0, 1, 0.000000, 0, 0, 1, GOING, 3
0, 1, 0.000000, 0, 0, 1, GOING, 3
0, 1, 0.000000, 0, 0, 1, GOING, 3
0, 1, 0.000000, 0, 0, 1, GOING, 3
0, 1, 0.000000, 0, 0, 1, GOING, 3
0, 1, 0.000000, 0, 0, 1, GOING, 3
0, 1, 0.000000, 0, 0, 1, GOING, 3
0, 1, 0.000000, 0, 0, 1, GOING, 3
0, 1, 0.000000, 0, 0, 1, GOING, 3
0, 1, 0.000000, 0, 0, 1, GOING, 3
0, 1, 0.000000, 0, 0, 1, GOING, 3
0, 1, 0.000000, 0, 0, 1, GOING, 3
0, 1, 0.000000, 0, 0, 1, GOING, 3
0, 1, 0.000000, 0, 0, 1, GOING, 3
0, 1, 0.000000, 0, 0, 1, GOING, 3
0, 1, 0.000000, 0, 0, 1, GOING, 3
0, 1, 0.000000, 0, 0, 1, GOING, 3
0, 1, 0.000000, 0, 0, 1, GOING, 3
0, 1, 0.000000, 0, 0, 1, GOING, 3
0, 1, 0.000000, 0, 0, 1, GOING, 3
0, 1, 0.000000, 0, 0, 1, GOING, 3
0, 1, 0.000000, 0, 0, 1, GOING, 3
0, 1, 0.000000, 0, 0, 1, GOING, 3
0, 1, 0.000000, 0, 0, 1, GOING, 3
0, 1, 0.000000, 0, 0, 1, GOING, 3
0, 1, 0.000000, 0, 0, 1, GOING, 3
0, 1, 0.000000, 0, 0, 1, GOING, 3
0, 1, 0.000000, 0, 0, 1, GOING, 3
0, 1, 0.000000, 0, 0, 1, GOING, 3
0, 1, 0.000000, 0, 0, 1, GOING, 3
0, 1, 0.000000, 0, 0, 1, GOING, 3
0, 1, 0.000000, 0, 0, 1, GOING, 3
0, 1, 0.000000, 0, 0, 1, GOING, 3
0, 1, 0.000000, 0, 0, 1, GOING, 3
0, 1, 0.000000, 0, 0, 1, GOING, 3
0, 1, 0.000000, 0, 0, 1, GOING, 3
0, 1, 0.000000, 0, 0, 1, GOING, 3
0, 1, 0.000000, 0, 0, 1, GOING, 3
0, 1, 0.000000, 0, 0, 1, GOING, 3
0, 1, 0.000000, 0, 0, 1, GOING, 3
0, 1, 0.000000, 0, 0, 1, GOING, 3
0, 1, 0.000000, 0, 0, 1, GOING, 3
0, 1, 0.000000, 0, 0, 1, GOING, 3
0, 1, 0.000000, 0, 0, 1, GOING, 3
0, 1, 0.000000, 0, 0, 1, GOING, 3
0, 1, 0.000000, 0, 0, 1, GOING, 3
0, 1, 0.000000, 0, 0, 1, GOING, 3
0, 1, 0.000000, 0, 0, 1, GOING, 3
0, 1, 0.000000, 0, 0, 1, GOING, 3
0, 1, 0.000000, 0, 0, 1, GOING, 3
0, 1, 0.000000, 0, 0, 1, GOING, 3
0, 1, 0.000000, 0, 0, 1, GOING, 3
0, 1, 0.000000, 0, 0, 1, GOING, 3
0, 1, 0.000000, 0, 0, 1, GOING, 3
0, 1, 0.000000, 0, 0, 1, GOING, 3
0, 1, 0.000000, 0, 0, 1, GOING, 3
0, 1, 0.000000, 0, 0, 1, GOING, 3
0, 1, 0.000000, 0, 0, 1, GOING, 3
0, 1, 0.000000, 0, 0, 1, GOING, 3
0, 1, 0.000000, 0, 0, 1, GOING, 3
0, 1, 0.000000, 0, 0, 1, GOING, 3
0, 1, 0.000000, 0, 0, 1, GOING, 3
0, 1, 0.000000, 0, 0, 1, GOING, 3
0, 1, 0.000000, 0, 0, 1, GOING, 3
0, 1, 0.000000, 0, 0, 1, GOING, 3
0, 1, 0.000000, 0, 0, 1, GOING, 3
0, 1, 0.000000, 0, 0, 1, GOING, 3
0, 1, 0.000000, 0, 0, 1, GOING, 3
0, 1, 0.000000, 0, 0, 1, GOING, 3
0, 1, 0.000000, 0, 0, 1, GOING, 3
0, 1, 0.000000, 0, 0, 1, GOING, 3
0, 1, 0.000000, 0, 0, 1, GOING, 3
0, 1, 0.000000, 0, 0, 1, GOING, 3
0, 1, 0.000000, 0, 0, 1, GOING, 3
0, 1, 0.000000, 0, 0, 1, GOING, 3
0, 1, 0.000000, 0, 0, 1, GOING, 3
0, 1, 0.000000, 0, 0, 1, GOING, 3
0, 1, 0.000000, 0, 0, 1, GOING, 3
0, 1, 0.000000, 0, 0, 1, GOING, 3
0, 1, 0.000000, 0, 0, 1, GOING, 3
0, 1, 0.000000, 0, 0, 1, GOING, 3
0, 1, 0.000000, 0, 0, 1, GOING, 3
0, 1, 0.000000, 0, 0, 1, GOING, 3
0, 1, 0.000000, 0, 0, 1, GOING, 3
0, 1, 0.000000, 0, 0, 1, GOING, 3
0, 1, 0.000000, 0, 0, 1, GOING, 3
0, 1, 0.000000, 0, 0, 1, GOING, 3
0, 1, 0.000000, 0, 0, 1, GOING, 3
0, 1, 0.000000, 0, 0, 1, GOING, 3
0, 1, 0.000000, 0, 0, 1, GOING, 3
0, 1, 0.000000, 0, 0, 1, GOING, 3
0, 1, 0.000000, 0, 0, 1, GOING, 3
0, 1, 0.000000, 0, 0, 1, GOING, 3
0, 1, 0.000000, 0, 0, 1, GOING, 3
0, 1, 0.000000, 0, 0, 1, GOING, 3
0, 1, 0.000000, 0, 0, 1, GOING, 3
0, 1, 0.000000, 0, 0, 1, GOING, 3
0, 1, 0.000000, 0, 0, 1, GOING, 3
0, 1, 0.000000, 0, 0, 1, GOING, 3
0, 1, 0.000000, 0, 0, 1, GOING, 3
0, 1, 0.000000, 0, 0, 1, GOING, 3
0, 1, 0.000000, 0, 0, 1, GOING, 3
0, 1, 0.000000, 0, 0, 1, STOPPED, 3
0, 1, 0.000000, 0, 0, 1, STOPPED, 3
0, 1, 0.000000, 0, 0, 1, STOPPED, 3
0, 1, 0.000000, 0, 0, 1, STOPPED, 3
0, 1, 0.000000, 0, 0, 1, STOPPED, 3
0, 1, 0.000000, 0, 0, 1, STOPPED, 3
0, 1, 0.000000, 0, 0, 1, STOPPED, 3
0, 1, 0.000000, 0, 0, 1, STOPPED, 3
0, 1, 0.000000, 0, 0, 1, STOPPED, 3
0, 1, 0.000000, 0, 0, 1, STOPPED, 3
0, 1, 0.000000, 0, 0, 1, STOPPED, 3
0, 1, 0.000000, 0, 0, 1, STOPPED, 3
0, 1, 0.000000, 0, 0, 1, STOPPED, 3
0, 1, 0.000000, 0, 0, 1, STOPPED, 3
0, 1, 0.000000, 0, 0, 1, STOPPED, 3
0, 1, 0.000000, 0, 0, 1, STOPPED, 3
0, 1, 0.000000, 0, 0, 1, STOPPED, 3
0, 1, 0.000000, 0, 0, 1, STOPPED, 3
0, 1, 0.000000, 0, 0, 1, STOPPED, 3
0, 1, 0.000000, 0, 0, 1, STOPPED, 3
0, 1, 0.000000, 0, 0, 1, STOPPED, 3
0, 1, 0.000000, 0, 0, 1, STOPPED, 3
0, 1, 0.000000, 0, 0, 1, STOPPED, 3
0, 1, 0.000000, 0, 0, 1, STOPPED, 3
0, 1, 0.000000, 0, 0, 1, STOPPED, 3
0, 1, 0.000000, 0, 0, 1, STOPPED, 3
0, 1, 0.000000, 0, 0, 1, STOPPED, 3
0, 1, 0.000000, 0, 0, 1, STOPPED, 3
0, 1, 0.000000, 0, 0, 1, STOPPED, 3
0, 1, 0.000000, 0, 0, 1, STOPPED, 3
0, 1, 0.000000, 0, 0, 1, STOPPED, 3
0, 1, 0.000000, 0, 0, 1, STOPPED, 3
0, 1, 0.000000, 0, 0, 1, STOPPED, 3
0, 1, 0.000000, 0, 0, 1, STOPPED, 3
0, 1, 0.000000, 0, 0, 1, STOPPED, 3
0, 1, 0.000000, 0, 0, 1, STOPPED, 3
0, 1, 0.000000, 0, 0, 1, STOPPED, 3
0, 1, 0.000000, 0, 0, 1, STOPPED, 3
0, 1, 0.000000, 0, 0, 1, STOPPED, 3
0, 1, 0.000000, 0, 0, 1, STOPPED, 3
0, 1, 0.000000, 0, 0, 1, STOPPED, 3
0, 1, 0.000000, 0, 0, 1, STOPPED, 3
0, 1, 0.000000, 0, 0, 1, STOPPED, 3
0, 1, 0.000000, 0, 0, 1, STOPPED, 3
0, 1, 0.000000, 0, 0, 1, STOPPED, 3
0, 1, 0.000000, 0, 0, 1, STOPPED, 3
0, 1, 0.000000, 0, 0, 1, STOPPED, 3
0, 1, 0.000000, 0, 0, 1, STOPPED, 3
0, 1, 0.000000, 0, 0, 1, STOPPED, 3
0, 1, 0.000000, 0, 0, 1, STOPPED, 3
0, 1, 0.000000, 0, 0, 1, STOPPED, 3
0, 1, 0.000000, 0, 0, 0, STOPPED, 4
0, 1, 0.000000, 0, 0, 0, STOPPED, 4
0, 1, 0.000000, 0, 0, 0, STOPPED, 4
0, 1, 0.000000, 0, 0, 0, STOPPED, 4
0, 1, 0.000000, 0, 0, 0, STOPPED, 4
0, 1, 0.000000, 0, 0, 0, STOPPED, 4
0, 1, 0.000000, 0, 0, 0, STOPPED, 4
0, 1, 0.000000, 0, 0, 0, STOPPED, 4
0, 1, 0.000000, 0, 0, 0, STOPPED, 4
0, 1, 0.000000, 0, 0, 0, STOPPED, 4
0, 1, 0.000000, 0, 0, 0, STOPPED, 4
0, 1, 0.000000, 0, 0, 0, STOPPED, 4
0, 1, 0.000000, 0, 0, 0, STOPPED, 4
0, 1, 0.000000, 0, 0, 0, STOPPED, 4
0, 1, 0.000000, 0, 0, 0, STOPPED, 4
0, 1, 0.000000, 0, 0, 0, STOPPED, 4
0, 1, 0.000000, 0, 0, 0, STOPPED, 4
0, 1, 0.000000, 0, 0, 0, STOPPED, 4
0, 1, 0.000000, 0, 0, 0, STOPPED, 4
0, 1, 0.000000, 0, 0, 0, STOPPED, 4
0, 1, 0.000000, 0, 0, 0, STOPPED, 4
0, 1, 0.000000, 0, 0, 0, STOPPED, 4
0, 1, 0.000000, 0, 0, 0, STOPPED, 4
0, 1, 0.000000, 0, 0, 0, STOPPED, 4
0, 1, 0.000000, 0, 0, 0, STOPPED, 4
0, 1, 0.000000, 0, 0, 0, STOPPED, 4
0, 1, 0.000000, 0, 0, 0, STOPPED, 4
0, 1, 0.000000, 0, 0, 0, STOPPED, 4
0, 1, 0.000000, 0, 0, 0, STOPPED, 4
0, 1, 0.000000, 0, 0, 0, STOPPED, 4
0, 1, 0.000000, 0, 0, 0, STOPPED, 4
0, 1, 0.000000, 0, 0, 0, STOPPED, 4
0, 1, 0.000000, 0, 0, 0, STOPPED, 4
1, 1, 0.000000, 0, 0, 0, STOPPED, 4
1, 1, 0.000000, 0, 0, 0, STOPPED, 4
1, 1, 0.000000, 0, 0, 0, STOPPED, 4
1, 1, 0.000000, 0, 0, 0, STOPPED, 4
1, 1, 0.000000, 0, 0, 0, STOPPED, 4
1, 1, 0.000000, 0, 0, 0, STOPPED, 4
1, 1, 0.000000, 0, 0, 0, STOPPED, 4
1, 1, 0.000000, 0, 0, 0, STOPPED, 4
1, 1, 0.000000, 0, 0, 0, STOPPED, 4
1, 1, 0.000000, 0, 0, 0, STOPPED, 4
1, 1, 0.000000, 0, 0, 0, STOPPED, 4
1, 1, 0.000000, 0, 0, 0, GOING, 4
1, 1, 0.000000, 0, 0, 0, GOING, 4
1, 1, 0.000000, 0, 0, 0, GOING, 4
1, 1, 0.000000, 0, 0, 0, GOING, 4
1, 1, 0.000000, 0, 0, 0, GOING, 4
1, 1, 0.000000, 0, 0, 0, GOING, 4
1, 1, 0.000000, 0, 0, 0, GOING, 4
1, 1, 0.000000, 0, 0, 0, GOING, 4
1, 1, 0.000000, 0, 0, 0, GOING, 4
1, 1, 0.000000, 0, 0, 0, GOING, 4
1, 1, 0.000000, 0, 0, 0, GOING, 4
1, 1, 0.000000, 0, 0, 0, GOING, 4
1, 1, 0.000000, 0, 0, 0, GOING, 4
1, 1, 0.000000, 0, 0, 0, GOING, 4
1, 1, 0.000000, 0, 0, 0, GOING, 4
1, 1, 0.000000, 0, 0, 0, GOING, 4
1, 1, 0.000000, 0, 0, 0, GOING, 4
1, 1, 0.000000, 0, 0, 0, GOING, 4
1, 1, 0.000000, 0, 0, 0, GOING, 4
1, 1, 0.000000, 0, 0, 0, GOING, 4
1, 1, 0.000000, 0, 0, 0, GOING, 4
1, 1, 0.000000, 0, 0, 0, GOING, 4
1, 1, 0.000000, 0, 0, 0, GOING, 4
1, 1, 0.000000, 0, 0, 0, GOING, 4
1, 1, 0.000000, 0, 0, 0, GOING, 4
1, 1, 0.000000, 0, 0, 0, GOING, 4
1, 1, 0.000000, 0, 0, 0, GOING, 4
1, 1, 0.000000, 0, 0, 0, GOING, 4
1, 1, 0.000000, 0, 0, 0, GOING, 4
1, 1, 0.000000, 0, 0, 0, GOING, 4
1, 1, 0.000000, 0, 0, 0, GOING, 4
1, 1, 0.000000, 0, 0, 0, GOING, 4
1, 1, 0.000000, 0, 0, 0, GOING, 4
1, 1, 0.000000, 0, 0, 0, GOING, 4
1, 1, 0.000000, 0, 0, 0, GOING, 4
1, 1, 0.000000, 0, 0, 0, GOING, 4
1, 1, 0.000000, 0, 0, 0, GOING, 4
1, 1, 0.000000, 0, 0, 0, GOING, 4
1, 1, 0.000000, 0, 0, 0, GOING, 4
1, 1, 0.000000, 0, 0, 0, GOING, 4
1, 1, 0.000000, 0, 0, 0, GOING, 4
1, 1, 0.000000, 0, 0, 0, GOING, 4
1, 1, 0.000000, 0, 0, 0, GOING, 4
1, 1, 0.000000, 0, 0, 0, GOING, 4
1, 1, 0.000000, 0, 0, 0, GOING, 4
1, 1, 0.000000, 0, 0, 0, GOING, 4
1, 1, 0.000000, 0, 0, 0, GOING, 4
1, 1, 0.000000, 0, 0, 0, GOING, 4
1, 1, 0.000000, 0, 0, 0, GOING, 4
1, 1, 0.000000, 0, 0, 0, GOING, 4
1, 1, 0.000000, 0, 0, 0, GOING, 4
1, 1, 0.000000, 0, 0, 0, GOING, 4
1, 1, 0.000000, 0, 0, 0, GOING, 4
1, 1, 0.000000, 0, 0, 0, GOING, 4
1, 1, 0.000000, 0, 0, 0, GOING, 4
1, 1, 0.000000, 0, 0, 0, GOING, 4
1, 1, 0.000000, 0, 0, 0, GOING, 4
1, 1, 0.000000, 0, 0, 0, GOING, 4
1, 1, 0.000000, 0, 0, 0, GOING, 4
1, 1, 0.000000, 0, 0, 0, GOING, 4
1, 1, 0.000000, 0, 0, 0, GOING, 4
1, 1, 0.000000, 0, 0, 0, GOING, 4
1, 1, 0.000000, 0, 0, 0, GOING, 4
1, 1, 0.000000, 0, 0, 0, GOING, 4
1, 1, 0.000000, 0, 0, 0, GOING, 4
1, 1, 0.000000, 0, 0, 0, GOING, 4
1, 1, 0.000000, 0, 0, 0, GOING, 4
1, 1, 0.000000, 0, 0, 0, GOING, 4
1, 1, 0.000000, 0, 0, 0, GOING, 4
1, 1, 0.000000, 0, 0, 0, GOING, 4
1, 1, 0.000000, 0, 0, 0, GOING, 4
1, 1, 0.000000, 0, 0, 0, GOING, 4
1, 1, 0.000000, 0, 0, 0, GOING, 4
1, 1, 0.000000, 0, 0, 0, GOING, 4
1, 1, 0.000000, 0, 0, 0, GOING, 4
1, 1, 0.000000, 0, 0, 0, GOING, 4
1, 1, 0.000000, 0, 0, 0, GOING, 4
1, 1, 0.000000, 0, 0, 0, GOING, 4
1, 1, 0.000000, 0, 0, 0, GOING, 4
1, 1, 0.000000, 0, 0, 0, GOING, 4
1, 1, 0.000000, 0, 0, 0, GOING, 4
1, 1, 0.000000, 0, 0, 0, GOING, 4
1, 1, 0.000000, 0, 0, 0, GOING, 4
1, 1, 0.000000, 0, 0, 0, GOING, 4
1, 1, 0.000000, 0, 0, 0, GOING, 4
1, 1, 0.000000, 0, 0, 0, GOING, 4
1, 1, 0.000000, 0, 0, 0, GOING, 4
1, 1, 0.000000, 0, 0, 0, GOING, 4
1, 1, 0.000000, 0, 0, 0, GOING, 4
1, 1, 0.000000, 0, 0, 0, GOING, 4
1, 1, 0.000000, 0, 0, 0, GOING, 4
1, 1, 0.000000, 0, 0, 0, GOING, 4
1, 1, 0.000000, 0, 0, 0, GOING, 4
1, 1, 0.000000, 0, 0, 0, GOING, 4
1, 1, 0.000000, 0, 0, 0, GOING, 4
1, 1, 0.000000, 0, 0, 0, GOING, 4
1, 1, 0.000000, 0, 0, 0, GOING, 4
1, 1, 0.000000, 0, 0, 0, GOING, 4
1, 1, 0.000000, 0, 0, 0, GOING, 4
1, 1, 0.000000, 0, 0, 0, GOING, 4
1, 1, 0.000000, 0, 0, 0, GOING, 4
1, 1, 0.000000, 0, 0, 0, GOING, 4
1, 1, 0.000000, 0, 0, 0, GOING, 4
1, 1, 0.000000, 0, 0, 0, GOING, 4
1, 1, 0.000000, 0, 0, 0, GOING, 4
1, 1, 0.000000, 0, 0, 0, GOING, 4
1, 1, 0.000000, 0, 0, 0, GOING, 4
1, 1, 0.000000, 0, 0, 0, GOING, 4
1, 1, 0.000000, 0, 0, 0, GOING, 4
1, 1, 0.000000, 0, 0, 0, GOING, 4
1, 1, 0.000000, 0, 0, 0, GOING, 4
1, 1, 0.000000, 0, 0, 0, GOING, 4
1, 1, 0.000000, 0, 0, 0, GOING, 4
1, 1, 0.000000, 0, 0, 0, GOING, 4
1, 1, 0.000000, 0, 0, 0, GOING, 4
1, 1, 0.000000, 0, 0, 0, GOING, 4
1, 1, 0.000000, 0, 0, 0, GOING, 4
1, 1, 0.000000, 0, 0, 0, GOING, 4
1, 1, 0.000000, 0, 0, 0, GOING, 4
1, 1, 0.000000, 0, 0, 0, GOING, 4
1, 1, 0.000000, 0, 0, 0, GOING, 4
1, 1, 0.000000, 0, 0, 0, GOING, 4
1, 1, 0.000000, 0, 0, 0, GOING, 4
1, 1, 0.000000, 0, 0, 0, GOING, 4
1, 1, 0.000000, 0, 0, 0, GOING, 4
1, 1, 0.000000, 0, 0, 0, GOING, 4
1, 1, 0.000000, 0, 0, 0, GOING, 4
1, 1, 0.000000, 0, 0, 0, GOING, 4
1, 1, 0.000000, 0, 0, 0, GOING, 4
1, 1, 0.000000, 0, 0, 0, GOING, 4
1, 1, 0.000000, 0, 0, 0, GOING, 4
1, 1, 0.000000, 0, 0, 0, GOING, 4
1, 1, 0.000000, 0, 0, 0, GOING, 4
1, 1, 0.000000, 0, 0, 0, GOING, 4
1, 1, 0.000000, 0, 0, 0, GOING, 4
1, 1, 0.000000, 0, 0, 0, GOING, 4
1, 1, 0.000000, 0, 0, 0, STOPPED, 4
1, 1, 0.000000, 0, 0, 0, STOPPED, 4
0, 1, 0.000000, 0, 0, 0, STOPPED, 4
0, 1, 0.000000, 0, 0, 0, STOPPED, 4
0, 1, 0.000000, 0, 0, 0, STOPPED, 4
0, 1, 0.000000, 0, 0, 0, STOPPED, 4
0, 1, 0.000000, 0, 0, 0, STOPPED, 4
0, 1, 0.000000, 0, 0, 0, STOPPED, 4
0, 1, 0.000000, 0, 0, 0, STOPPED, 4
0, 1, 0.000000, 0, 0, 0, STOPPED, 4
0, 1, 0.000000, 0, 0, 0, STOPPED, 4
0, 1, 0.000000, 0, 0, 0, STOPPED, 4
0, 1, 0.000000, 0, 0, 0, STOPPED, 4
0, 1, 0.000000, 0, 0, 1, STOPPED, 5
0, 1, 0.000000, 0, 0, 1, STOPPED, 5
0, 1, 0.000000, 0, 0, 1, STOPPED, 5
0, 1, 0.000000, 0, 0, 1, STOPPED, 5
0, 1, 0.000000, 0, 0, 1, STOPPED, 5
0, 1, 0.000000, 0, 0, 1, STOPPED, 5
0, 1, 0.000000, 0, 0, 1, STOPPED, 5
0, 1, 0.000000, 0, 0, 1, STOPPED, 5
0, 1, 0.000000, 0, 0, 1, STOPPED, 5
0, 1, 0.000000, 0, 0, 1, GOING, 5
0, 1, 0.000000, 0, 0, 1, GOING, 5
0, 1, 0.000000, 0, 0, 1, GOING, 5
0, 1, 0.000000, 0, 0, 1, GOING, 5
0, 1, 0.000000, 0, 0, 1, GOING, 5
0, 1, 0.000000, 0, 0, 1, GOING, 5
0, 1, 0.000000, 0, 0, 1, GOING, 5
0, 1, 0.000000, 0, 0, 1, GOING, 5
0, 1, 0.000000, 0, 0, 1, GOING, 5
0, 1, 0.000000, 0, 0, 1, GOING, 5
0, 1, 0.000000, 0, 0, 1, GOING, 5
0, 1, 0.000000, 0, 0, 1, GOING, 5
0, 1, 0.000000, 0, 0, 1, GOING, 5
0, 1, 0.000000, 0, 0, 1, GOING, 5
0, 1, 0.000000, 0, 0, 1, GOING, 5
0, 1, 0.000000, 0, 0, 1, GOING, 5
0, 1, 0.000000, 0, 0, 1, GOING, 5
0, 1, 0.000000, 0, 0, 1, GOING, 5
0, 1, 0.000000, 0, 0, 1, GOING, 5
0, 1, 0.000000, 0, 0, 1, GOING, 5
0, 1, 0.000000, 0, 0, 1, GOING, 5
0, 1, 0.000000, 0, 0, 1, GOING, 5
0, 1, 0.000000, 0, 0, 1, GOING, 5
0, 1, 0.000000, 0, 0, 1, GOING, 5
0, 1, 0.000000, 0, 0, 1, GOING, 5
0, 1, 0.000000, 0, 0, 1, GOING, 5
0, 1, 0.000000, 0, 0, 1, GOING, 5
0, 1, 0.000000, 0, 0, 1, GOING, 5
0, 1, 0.000000, 0, 0, 1, GOING, 5
0, 1, 0.000000, 0, 0, 1, GOING, 5
0, 1, 0.000000, 0, 0, 1, GOING, 5
0, 1, 0.000000, 0, 0, 1, GOING, 5
0, 1, 0.000000, 0, 0, 1, GOING, 5
0, 1, 0.000000, 0, 0, 1, GOING, 5
0, 1, 0.000000, 0, 0, 1, GOING, 5
0, 1, 0.000000, 0, 0, 1, GOING, 5
0, 1, 0.000000, 0, 0, 1, GOING, 5
0, 1, 0.000000, 0, 0, 1, GOING, 5
0, 1, 0.000000, 0, 0, 1, GOING, 5
0, 1, 0.000000, 0, 0, 1, GOING, 5
0, 1, 0.000000, 0, 0, 1, GOING, 5
0, 1, 0.000000, 0, 0, 1, GOING, 5
0, 1, 0.000000, 0, 0, 1, GOING, 5
0, 1, 0.000000, 0, 0, 1, GOING, 5
0, 1, 0.000000, 0, 0, 1, GOING, 5
0, 1, 0.000000, 0, 0, 1, GOING, 5
0, 1, 0.000000, 0, 0, 1, GOING, 5
0, 1, 0.000000, 0, 0, 1, GOING, 5
0, 1, 0.000000, 0, 0, 1, GOING, 5
0, 1, 0.000000, 0, 0, 1, GOING, 5
0, 1, 0.000000, 0, 0, 1, GOING, 5
0, 1, 0.000000, 0, 0, 1, GOING, 5
0, 1, 0.000000, 0, 0, 1, GOING, 5
0, 1, 0.000000, 0, 0, 1, GOING, 5
0, 1, 0.000000, 0, 0, 1, GOING, 5
0, 1, 0.000000, 0, 0, 1, GOING, 5
0, 1, 0.000000, 0, 0, 1, GOING, 5
0, 1, 0.000000, 0, 0, 1, GOING, 5
0, 1, 0.000000, 0, 0, 1, GOING, 5
0, 1, 0.000000, 0, 0, 1, GOING, 5
0, 1, 0.000000, 0, 0, 1, GOING, 5
0, 1, 0.000000, 0, 0, 1, GOING, 5
0, 1, 0.000000, 0, 0, 1, GOING, 5
0, 1, 0.000000, 0, 0, 1, GOING, 5
0, 1, 0.000000, 0, 0, 1, GOING, 5
0, 1, 0.000000, 0, 0, 1, GOING, 5
0, 1, 0.000000, 0, 0, 1, GOING, 5
0, 1, 0.000000, 0, 0, 1, GOING, 5
0, 1, 0.000000, 0, 0, 1, GOING, 5
0, 1, 0.000000, 0, 0, 1, GOING, 5
0, 1, 0.000000, 0, 0, 1, GOING, 5
0, 1, 0.000000, 0, 0, 1, GOING, 5
0, 1, 0.000000, 0, 0, 1, GOING, 5
0, 1, 0.000000, 0, 0, 1, GOING, 5
0, 1, 0.000000, 0, 0, 1, GOING, 5
0, 1, 0.000000, 0, 0, 1, GOING, 5
0, 1, 0.000000, 0, 0, 1, GOING, 5
0, 1, 0.000000, 0, 0, 1, GOING, 5
0, 1, 0.000000, 0, 0, 1, GOING, 5
0, 1, 0.000000, 0, 0, 1, GOING, 5
0, 1, 0.000000, 0, 0, 1, GOING, 5
0, 1, 0.000000, 0, 0, 1, GOING, 5
0, 1, 0.000000, 0, 0, 1, GOING, 5
0, 1, 0.000000, 0, 0, 1, GOING, 5
0, 1, 0.000000, 0, 0, 1, GOING, 5
0, 1, 0.000000, 0, 0, 1, GOING, 5
0, 1, 0.000000, 0, 0, 1, GOING, 5
0, 1, 0.000000, 0, 0, 1, GOING, 5
0, 1, 0.000000, 0, 0, 1, GOING, 5
0, 1, 0.000000, 0, 0, 1, GOING, 5
0, 1, 0.000000, 0, 0, 1, GOING, 5
0, 1, 0.000000, 0, 0, 1, GOING, 5
0, 1, 0.000000, 0, 0, 1, GOING, 5
0, 1, 0.000000, 0, 0, 1, GOING, 5
0, 1, 0.000000, 0, 0, 1, GOING, 5
0, 1, 0.000000, 0, 0, 1, GOING, 5
0, 1, 0.000000, 0, 0, 1, STOPPED, 5
0, 1, 0.000000, 0, 0, 1, STOPPED, 5
0, 1, 0.000000, 0, 0, 1, STOPPED, 5
0, 1, 0.000000, 0, 0, 1, STOPPED, 5
0, 1, 0.000000, 0, 0, 1, STOPPED, 5
0, 1, 0.000000, 0, 0, 1, STOPPED, 5
0, 1, 0.000000, 0, 0, 1, STOPPED, 5
0, 1, 0.000000, 0, 0, 1, STOPPED, 5
0, 1, 0.000000, 0, 0, 1, STOPPED, 5
0, 1, 0.000000, 0, 0, 1, STOPPED, 5
0, 1, 0.000000, 0, 0, 1, STOPPED, 5
0, 1, 0.000000, 0, 0, 0, STOPPED, 6
0, 1, 0.000000, 0, 0, 0, STOPPED, 6
0, 1, 0.000000, 0, 0, 0, STOPPED, 6
0, 1, 0.000000, 0, 0, 0, STOPPED, 6
0, 1, 0.000000, 0, 0, 0, STOPPED, 6
0, 1, 0.000000, 0, 0, 0, STOPPED, 6
0, 1, 0.000000, 0, 0, 0, STOPPED, 6
0, 1, 0.000000, 0, 0, 0, STOPPED, 6
0, 1, 0.000000, 0, 0, 0, STOPPED, 6
0, 1, 0.000000, 0, 0, 0, STOPPED, 6
0, 1, 0.000000, 0, 0, 0, STOPPED, 6
0, 1, 0.000000, 0, 0, 0, STOPPED, 6
0, 1, 0.000000, 0, 0, 0, STOPPED, 6
0, 1, 0.000000, 0, 0, 0, STOPPED, 6
0, 1, 0.000000, 0, 0, 0, STOPPED, 6
0, 1, 0.000000, 0, 0, 0, STOPPED, 6
0, 1, 0.000000, 0, 0, 0, STOPPED, 6
0, 1, 0.000000, 0, 0, 0, STOPPED, 6
0, 1, 0.000000, 0, 0, 0, STOPPED, 6
0, 1, 0.000000, 0, 0, 0, STOPPED, 6
0, 1, 0.000000, 0, 0, 0, STOPPED, 6
0, 1, 0.000000, 0, 0, 0, STOPPED, 6
0, 1, 0.000000, 0, 0, 0, STOPPED, 6
0, 1, 0.000000, 0, 0, 0, STOPPED, 6
1, 1, 0.000000, 0, 0, 0, STOPPED, 6
1, 1, 0.000000, 0, 0, 0, STOPPED, 6
1, 1, 0.000000, 0, 0, 0, STOPPED, 6
1, 1, 0.000000, 0, 0, 0, STOPPED, 6
1, 1, 0.000000, 0, 0, 0, STOPPED, 6
1, 1, 0.000000, 0, 0, 0, STOPPED, 6
1, 1, 0.000000, 0, 0, 0, STOPPED, 6
1, 1, 0.000000, 0, 0, 0, STOPPED, 6
1, 1, 0.000000, 0, 0, 0, GOING, 6
1, 1, 0.000000, 0, 0, 0, GOING, 6
1, 1, 0.000000, 0, 0, 0, GOING, 6
1, 1, 0.000000, 0, 0, 0, GOING, 6
1, 1, 0.000000, 0, 0, 0, GOING, 6
1, 1, 0.000000, 0, 0, 0, GOING, 6
1, 1, 0.000000, 0, 0, 0, GOING, 6
1, 1, 0.000000, 0, 0, 0, GOING, 6
1, 1, 0.000000, 0, 0, 0, GOING, 6
1, 1, 0.000000, 0, 0, 0, GOING, 6
1, 1, 0.000000, 0, 0, 0, GOING, 6
1, 1, 0.000000, 0, 0, 0, GOING, 6
1, 1, 0.000000, 0, 0, 0, GOING, 6
1, 1, 0.000000, 0, 0, 0, GOING, 6
1, 1, 0.000000, 0, 0, 0, GOING, 6
1, 1, 0.000000, 0, 0, 0, GOING, 6
1, 1, 0.000000, 0, 0, 0, GOING, 6
1, 1, 0.000000, 0, 0, 0, GOING, 6
1, 1, 0.000000, 0, 0, 0, GOING, 6
1, 1, 0.000000, 0, 0, 0, GOING, 6
1, 1, 0.000000, 0, 0, 0, GOING, 6
1, 1, 0.000000, 0, 0, 0, GOING, 6
1, 1, 0.000000, 0, 0, 0, GOING, 6
1, 1, 0.000000, 0, 0, 0, GOING, 6
1, 1, 0.000000, 0, 0, 0, GOING, 6
1, 1, 0.000000, 0, 0, 0, GOING, 6
1, 1, 0.000000, 0, 0, 0, GOING, 6
1, 1, 0.000000, 0, 0, 0, GOING, 6
1, 1, 0.000000, 0, 0, 0, GOING, 6
1, 1, 0.000000, 0, 0, 0, GOING, 6
1, 1, 0.000000, 0, 0, 0, GOING, 6
1, 1, 0.000000, 0, 0, 0, GOING, 6
1, 1, 0.000000, 0, 0, 0, GOING, 6
1, 1, 0.000000, 0, 0, 0, GOING, 6
1, 1, 0.000000, 0, 0, 0, GOING, 6
1, 1, 0.000000, 0, 0, 0, GOING, 6
1, 1, 0.000000, 0, 0, 0, GOING, 6
1, 1, 0.000000, 0, 0, 0, GOING, 6
1, 1, 0.000000, 0, 0, 0, GOING, 6
1, 1, 0.000000, 0, 0, 0, GOING, 6
1, 1, 0.000000, 0, 0, 0, GOING, 6
1, 1, 0.000000, 0, 0, 0, GOING, 6
1, 1, 0.000000, 0, 0, 0, GOING, 6
1, 1, 0.000000, 0, 0, 0, GOING, 6
1, 1, 0.000000, 0, 0, 0, GOING, 6
1, 1, 0.000000, 0, 0, 0, GOING, 6
1, 1, 0.000000, 0, 0, 0, GOING, 6
1, 1, 0.000000, 0, 0, 0, GOING, 6
1, 1, 0.000000, 0, 0, 0, GOING, 6
1, 1, 0.000000, 0, 0, 0, GOING, 6
1, 1, 0.000000, 0, 0, 0, GOING, 6
1, 1, 0.000000, 0, 0, 0, GOING, 6
1, 1, 0.000000, 0, 0, 0, GOING, 6
1, 1, 0.000000, 0, 0, 0, GOING, 6
1, 1, 0.000000, 0, 0, 0, GOING, 6
1, 1, 0.000000, 0, 0, 0, GOING, 6
1, 1, 0.000000, 0, 0, 0, GOING, 6
1, 1, 0.000000, 0, 0, 0, GOING, 6
1, 1, 0.000000, 0, 0, 0, STOPPED, 6
1, 1, 0.000000, 0, 0, 0, STOPPED, 6
1, 1, 0.000000, 0, 0, 0, STOPPED, 6
1, 1, 0.000000, 0, 0, 0, STOPPED, 6
1, 1, 0.000000, 0, 0, 0, STOPPED, 6
1, 1, 0.000000, 0, 0, 0, STOPPED, 6
1, 1, 0.000000, 0, 0, 0, STOPPED, 6
1, 1, 0.000000, 0, 0, 0, STOPPED, 6
1, 1, 0.000000, 0, 0, 0, STOPPED, 6
1, 1, 0.000000, 0, 0, 0, STOPPED, 6
1, 1, 0.000000, 0, 0, 0, STOPPED, 6
1, 1, 0.000000, 0, 0, 0, STOPPED, 6
1, 1, 0.000000, 0, 0, 0, STOPPED, 6
1, 1, 0.000000, 0, 0, 0, STOPPED, 6
1, 1, 0.000000, 0, 0, 0, STOPPED, 6
1, 1, 0.000000, 0, 0, 0, STOPPED, 6
1, 1, 0.000000, 0, 0, 0, STOPPED, 6
1, 1, 0.000000, 0, 0, 0, STOPPED, 6
1, 1, 0.000000, 0, 0, 0, STOPPED, 6
1, 1, 0.000000, 0, 0, 0, STOPPED, 6
1, 1, 0.000000, 0, 0, 0, STOPPED, 6
1, 1, 0.000000, 0, 0, 0, STOPPED, 6
1, 1, 0.000000, 0, 0, 0, STOPPED, 6
1, 1, 0.000000, 0, 0, 0, STOPPED, 6
1, 1, 0.000000, 0, 0, 0, STOPPED, 6
1, 1, 0.000000, 0, 0, 0, STOPPED, 6
1, 1, 0.000000, 0, 0, 0, STOPPED, 6
1, 1, 0.000000, 0, 0, 0, STOPPED, 6
1, 1, 0.000000, 0, 0, 0, STOPPED, 6
1, 1, 0.000000, 0, 0, 0, STOPPED, 6
1, 1, 0.000000, 0, 0, 0, STOPPED, 6
1, 1, 0.000000, 0, 0, 0, STOPPED, 6
1, 1, 0.000000, 0, 0, 0, STOPPED, 6
1, 1, 0.000000, 0, 0, 0, STOPPED, 6
1, 1, 0.000000, 0, 0, 0, STOPPED, 6
1, 1, 0.000000, 0, 0, 0, STOPPED, 6
1, 1, 0.000000, 0, 0, 0, STOPPED, 6
1, 1, 0.000000, 0, 0, 0, STOPPED, 6
1, 1, 0.000000, 0, 0, 0, STOPPED, 6
1, 1, 0.000000, 0, 0, 0, STOPPED, 6
1, 1, 0.000000, 0, 0, 0, STOPPED, 6
1, 1, 0.000000, 0, 0, 0, STOPPED, 6
1, 1, 0.000000, 0, 0, 0, STOPPED, 6
0, 1, 0.000000, 0, 0, 0, STOPPED, 6
0, 1, 0.000000, 0, 0, 0, STOPPED, 6
0, 1, 0.000000, 0, 0, 0, STOPPED, 6
0, 1, 0.000000, 0, 0, 0, STOPPED, 6
0, 1, 0.000000, 0, 0, 0, STOPPED, 6
0, 1, 0.000000, 0, 0, 0, STOPPED, 6
0, 1, 0.000000, 0, 0, 0, STOPPED, 6
0, 1, 0.000000, 0, 0, 0, STOPPED, 6
0, 1, 0.000000, 0, 0, 0, STOPPED, 6
0, 1, 0.000000, 0, 0, 0, STOPPED, 6
0, 1, 0.000000, 0, 0, 0, STOPPED, 6
0, 1, 0.000000, 0, 0, 0, STOPPED, 6
0, 1, 0.000000, 0, 0, 0, STOPPED, 6
0, 1, 0.000000, 0, 0, 0, STOPPED, 6
0, 1, 0.000000, 0, 0, 0, STOPPED, 6
0, 1, 0.000000, 0, 0, 0, STOPPED, 6
0, 1, 0.000000, 0, 0, 0, STOPPED, 6
0, 1, 0.000000, 0, 0, 0, STOPPED, 6
0, 1, 0.000000, 0, 0, 0, STOPPED, 6
0, 1, 0.000000, 0, 0, 0, STOPPED, 6
0, 1, 0.000000, 0, 0, 1, STOPPED, 7
0, 1, 0.000000, 0, 0, 1, STOPPED, 7
0, 1, 0.000000, 0, 0, 1, STOPPED, 7
0, 1, 0.000000, 0, 0, 1, STOPPED, 7
0, 1, 0.000000, 0, 0, 1, STOPPED, 7
0, 1, 0.000000, 0, 0, 1, STOPPED, 7
0, 1, 0.000000, 0, 0, 1, STOPPED, 7
0, 1, 0.000000, 0, 0, 1, GOING, 7
0, 1, 0.000000, 0, 0, 1, GOING, 7
0, 1, 0.000000, 0, 0, 1, GOING, 7
0, 1, 0.000000, 0, 0, 1, GOING, 7
0, 1, 0.000000, 0, 0, 1, GOING, 7
0, 1, 0.000000, 0, 0, 1, GOING, 7
0, 1, 0.000000, 0, 0, 1, GOING, 7
0, 1, 0.000000, 0, 0, 1, GOING, 7
0, 1, 0.000000, 0, 0, 1, GOING, 7
0, 1, 0.000000, 0, 0, 1, GOING, 7
0, 1, 0.000000, 0, 0, 1, GOING, 7
0, 1, 0.000000, 0, 0, 1, GOING, 7
0, 1, 0.000000, 0, 0, 1, GOING, 7
0, 1, 0.000000, 0, 0, 1, GOING, 7
0, 1, 0.000000, 0, 0, 1, GOING, 7
0, 1, 0.000000, 0, 0, 1, GOING, 7
0, 1, 0.000000, 0, 0, 1, GOING, 7
0, 1, 0.000000, 0, 0, 1, GOING, 7
0, 1, 0.000000, 0, 0, 1, GOING, 7
0, 1, 0.000000, 0, 0, 1, GOING, 7
0, 1, 0.000000, 0, 0, 1, GOING, 7
0, 1, 0.000000, 0, 0, 1, GOING, 7
0, 1, 0.000000, 0, 0, 1, GOING, 7
0, 1, 0.000000, 0, 0, 1, GOING, 7
0, 1, 0.000000, 0, 0, 1, GOING, 7
0, 1, 0.000000, 0, 0, 1, GOING, 7
0, 1, 0.000000, 0, 0, 1, GOING, 7
0, 1, 0.000000, 0, 0, 1, GOING, 7
0, 1, 0.000000, 0, 0, 1, GOING, 7
0, 1, 0.000000, 0, 0, 1, GOING, 7
0, 1, 0.000000, 0, 0, 1, GOING, 7
0, 1, 0.000000, 0, 0, 1, TURNING CCW, 7
0, 1, 0.000000, 0, 0, 1, TURNING CCW, 7
0, 1, 0.000000, 0, 0, 1, TURNING CCW, 7
0, 1, 0.000000, 0, 0, 1, TURNING CCW, 7
0, 1, 0.000000, 0, 0, 1, TURNING CCW, 7
0, 1, 0.000000, 0, 0, 1, TURNING CCW, 7
0, 1, 0.000000, 0, 0, 1, TURNING CCW, 7
0, 1, 0.000000, 0, 0, 1, TURNING CCW, 7
0, 1, 0.000000, 0, 0, 1, TURNING CCW, 7
0, 1, 0.000000, 0, 0, 1, TURNING CCW, 7
0, 1, 0.000000, 0, 0, 1, TURNING CCW, 7
0, 1, 0.000000, 0, 0, 1, TURNING CCW, 7
0, 1, 0.000000, 0, 0, 1, TURNING CCW, 7
0, 1, 0.000000, 0, 0, 1, TURNING CCW, 7
0, 1, 0.000000, 0, 0, 1, TURNING CCW, 7
0, 1, 0.000000, 0, 0, 1, TURNING CCW, 7
0, 1, 0.000000, 0, 0, 1, TURNING CCW, 7
0, 1, 0.000000, 0, 0, 1, TURNING CCW, 7
0, 1, 0.000000, 0, 0, 1, TURNING CCW, 7
0, 1, 0.000000, 0, 0, 1, TURNING CCW, 7
0, 1, 0.000000, 0, 0, 1, TURNING CCW, 7
0, 1, 0.000000, 0, 0, 1, TURNING CCW, 7
0, 1, 0.000000, 0, 0, 1, TURNING CCW, 7
0, 1, 0.000000, 0, 0, 1, TURNING CCW, 7
0, 1, 0.000000, 0, 0, 1, TURNING CCW, 7
0, 1, 0.000000, 0, 0, 1, TURNING CCW, 7
0, 1, 0.000000, 0, 0, 1, TURNING CCW, 7
0, 1, 0.000000, 0, 0, 1, TURNING CCW, 7
0, 1, 0.000000, 0, 0, 1, TURNING CCW, 7
0, 1, 0.000000, 0, 0, 1, TURNING CCW, 7
0, 1, 0.000000, 0, 0, 1, TURNING CCW, 7
0, 1, 0.000000, 0, 0, 1, TURNING CCW, 7
0, 1, 0.000000, 0, 0, 1, TURNING CCW, 7
0, 1, 0.000000, 0, 0, 1, TURNING CCW, 7
0, 1, 0.000000, 0, 0, 1, TURNING CCW, 7
0, 1, 0.000000, 0, 0, 1, TURNING CCW, 7
0, 1, 0.000000, 0, 0, 1, TURNING CCW, 7
0, 1, 0.000000, 0, 0, 1, TURNING CCW, 7
0, 1, 0.000000, 0, 0, 1, TURNING CCW, 7
0, 1, 0.000000, 0, 0, 1, STOPPED, 7
0, 1, 0.000000, 0, 0, 1, STOPPED, 7
0, 1, 0.000000, 0, 0, 1, STOPPED, 7
0, 1, 0.000000, 0, 0, 1, STOPPED, 7
0, 1, 0.000000, 0, 0, 1, STOPPED, 7
0, 1, 0.000000, 0, 0, 1, STOPPED, 7
0, 1, 0.000000, 0, 0, 1, STOPPED, 7
0, 1, 0.000000, 0, 0, 1, STOPPED, 7
0, 1, 0.000000, 0, 0, 1, STOPPED, 7
0, 1, 0.000000, 0, 0, 1, STOPPED, 7
0, 1, 0.000000, 0, 0, 1, STOPPED, 7
0, 1, 0.000000, 0, 0, 1, GOING, 7
0, 1, 0.000000, 0, 0, 1, GOING, 7
0, 1, 0.000000, 0, 0, 1, GOING, 7
0, 1, 0.000000, 0, 0, 1, GOING, 7
0, 1, 0.000000, 0, 0, 1, GOING, 7
0, 1, 0.000000, 0, 0, 1, GOING, 7
0, 1, 0.000000, 0, 0, 1, GOING, 7
0, 1, 0.000000, 0, 0, 1, GOING, 7
0, 1, 0.000000, 0, 0, 1, GOING, 7
0, 1, 0.000000, 0, 0, 1, GOING, 7
0, 1, 0.000000, 0, 0, 1, GOING, 7
0, 1, 0.000000, 0, 0, 1, GOING, 7
0, 1, 0.000000, 0, 0, 1, GOING, 7
0, 1, 0.000000, 0, 0, 1, GOING, 7
0, 1, 0.000000, 0, 0, 1, GOING, 7
0, 1, 0.000000, 0, 0, 1, GOING, 7
0, 1, 0.000000, 0, 0, 1, GOING, 7
0, 1, 0.000000, 0, 0, 1, GOING, 7
0, 1, 0.000000, 0, 0, 1, GOING, 7
0, 1, 0.000000, 0, 0, 1, GOING, 7
0, 1, 0.000000, 0, 0, 1, GOING, 7
0, 1, 0.000000, 0, 0, 1, GOING, 7
0, 1, 0.000000, 0, 0, 1, GOING, 7
0, 1, 0.000000, 0, 0, 1, GOING, 7
0, 1, 0.000000, 0, 0, 1, GOING, 7
0, 1, 0.000000, 0, 0, 1, GOING, 7
0, 1, 0.000000, 0, 0, 1, GOING, 7
0, 1, 0.000000, 0, 0, 1, GOING, 7
0, 1, 0.000000, 0, 0, 1, GOING, 7
0, 1, 0.000000, 0, 0, 1, GOING, 7
0, 1, 0.000000, 0, 0, 1, GOING, 7
0, 1, 0.000000, 0, 0, 1, GOING, 7
0, 1, 0.000000, 0, 0, 1, GOING, 7
0, 1, 0.000000, 0, 0, 1, GOING, 7
0, 1, 0.000000, 0, 0, 1, GOING, 7
0, 1, 0.000000, 0, 0, 1, GOING, 7
0, 1, 0.000000, 0, 0, 1, GOING, 7
0, 1, 0.000000, 0, 0, 1, GOING, 7
0, 1, 0.000000, 0, 0, 1, GOING, 7
0, 1, 0.000000, 0, 0, 1, GOING, 7
0, 1, 0.000000, 0, 0, 1, GOING, 7
0, 1, 0.000000, 0, 0, 1, GOING, 7
0, 1, 0.000000, 0, 0, 1, GOING, 7
0, 1, 0.000000, 0, 0, 1, GOING, 7
0, 1, 0.000000, 0, 0, 1, GOING, 7
0, 1, 0.000000, 0, 0, 1, GOING, 7
0, 1, 0.000000, 0, 0, 1, GOING, 7
0, 1, 0.000000, 0, 0, 1, GOING, 7
0, 1, 0.000000, 0, 0, 1, GOING, 7
0, 1, 0.000000, 0, 0, 1, GOING, 7
0, 1, 0.000000, 0, 0, 1, GOING, 7
0, 1, 0.000000, 0, 0, 1, GOING, 7
0, 1, 0.000000, 0, 0, 1, GOING, 7
0, 1, 0.000000, 0, 0, 1, GOING, 7
0, 1, 0.000000, 0, 0, 1, GOING, 7
0, 1, 0.000000, 0, 0, 1, GOING, 7
0, 1, 0.000000, 0, 0, 1, GOING, 7
0, 1, 0.000000, 0, 0, 1, GOING, 7
0, 1, 0.000000, 0, 0, 1, GOING, 7
0, 1, 0.000000, 0, 0, 1, GOING, 7
0, 1, 0.000000, 0, 0, 1, GOING, 7
0, 1, 0.000000, 0, 0, 1, GOING, 7
0, 1, 0.000000, 0, 0, 1, GOING, 7
0, 1, 0.000000, 0, 0, 1, GOING, 7
0, 1, 0.000000, 0, 0, 1, GOING, 7
0, 1, 0.000000, 0, 0, 1, GOING, 7
0, 1, 0.000000, 0, 0, 1, GOING, 7
0, 1, 0.000000, 0, 0, 1, GOING, 7
0, 1, 0.000000, 0, 0, 1, GOING, 7
0, 1, 0.000000, 0, 0, 1, GOING, 7
0, 1, 0.000000, 0, 0, 1, GOING, 7
0, 1, 0.000000, 0, 0, 1, GOING, 7
0, 1, 0.000000, 0, 0, 1, GOING, 7
0, 1, 0.000000, 0, 0, 1, GOING, 7
0, 1, 0.000000, 0, 0, 1, GOING, 7
0, 1, 0.000000, 0, 0, 1, GOING, 7
0, 1, 0.000000, 0, 0, 1, GOING, 7
0, 1, 0.000000, 0, 0, 1, GOING, 7
0, 1, 0.000000, 0, 0, 1, GOING, 7
0, 1, 0.000000, 0, 0, 1, GOING, 7
0, 1, 0.000000, 0, 0, 1, GOING, 7
0, 1, 0.000000, 0, 0, 1, GOING, 7
0, 1, 0.000000, 0, 0, 1, GOING, 7
0, 1, 0.000000, 0, 0, 1, GOING, 7
0, 1, 0.000000, 0, 0, 1, GOING, 7
0, 1, 0.000000, 0, 0, 1, GOING, 7
0, 1, 0.000000, 0, 0, 1, GOING, 7
0, 1, 0.000000, 0, 0, 1, GOING, 7
0, 1, 0.000000, 0, 0, 1, GOING, 7
0, 1, 0.000000, 0, 0, 1, GOING, 7
0, 1, 0.000000, 0, 0, 1, GOING, 7
0, 1, 0.000000, 0, 0, 1, STOPPED, 7
0, 1, 0.000000, 0, 0, 1, STOPPED, 7
0, 1, 0.000000, 0, 0, 1, STOPPED, 7
0, 1, 0.000000, 0, 0, 1, STOPPED, 7
0, 1, 0.000000, 0, 0, 1, STOPPED, 7
0, 1, 0.000000, 0, 0, 1, STOPPED, 7
0, 1, 0.000000, 0, 0, 1, STOPPED, 7
0, 1, 0.000000, 0, 0, 1, STOPPED, 7
0, 1, 0.000000, 0, 0, 1, STOPPED, 7
0, 1, 0.000000, 0, 0, 1, STOPPED, 7
0, 1, 0.000000, 0, 0, 1, STOPPED, 7
0, 1, 0.000000, 0, 0, 1, STOPPED, 7
0, 1, 0.000000, 0, 0, 1, STOPPED, 7
0, 1, 0.000000, 0, 0, 1, STOPPED, 7
0, 1, 0.000000, 0, 0, 1, STOPPED, 7
0, 1, 0.000000, 0, 0, 1, STOPPED, 7
0, 1, 0.000000, 0, 0, 0, STOPPED, 8
0, 1, 0.000000, 0, 0, 0, STOPPED, 8
0, 1, 0.000000, 0, 0, 0, STOPPED, 8
0, 1, 0.000000, 0, 0, 0, STOPPED, 8
0, 1, 0.000000, 0, 0, 0, STOPPED, 8
0, 1, 0.000000, 0, 0, 0, STOPPED, 8
0, 1, 0.000000, 0, 0, 0, STOPPED, 8
0, 1, 0.000000, 0, 0, 0, STOPPED, 8
0, 1, 0.000000, 0, 0, 0, STOPPED, 8
0, 1, 0.000000, 0, 0, 0, STOPPED, 8
0, 1, 0.000000, 0, 0, 0, STOPPED, 8
0, 1, 0.000000, 0, 0, 0, STOPPED, 8
0, 1, 0.000000, 0, 0, 0, STOPPED, 8
0, 1, 0.000000, 0, 0, 0, STOPPED, 8
0, 1, 0.000000, 0, 0, 0, STOPPED, 8
0, 1, 0.000000, 0, 0, 0, STOPPED, 8
0, 1, 0.000000, 0, 0, 0, STOPPED, 8
0, 1, 0.000000, 0, 0, 0, STOPPED, 8
0, 1, 0.000000, 0, 0, 0, STOPPED, 8
0, 1, 0.000000, 0, 0, 0, STOPPED, 8
0, 1, 0.000000, 0, 0, 0, STOPPED, 8
0, 1, 0.000000, 0, 0, 0, STOPPED, 8
0, 1, 0.000000, 0, 0, 0, STOPPED, 8
0, 1, 0.000000, 0, 0, 0, STOPPED, 8
0, 1, 0.000000, 0, 0, 0, STOPPED, 8
0, 1, 0.000000, 0, 0, 0, STOPPED, 8
0, 1, 0.000000, 0, 0, 0, STOPPED, 8
0, 1, 0.000000, 0, 0, 0, STOPPED, 8
0, 1, 0.000000, 0, 0, 0, STOPPED, 8
0, 1, 0.000000, 0, 0, 0, STOPPED, 8
0, 1, 0.000000, 0, 0, 0, STOPPED, 8
2, 1, 0.000000, 0, 0, 0, STOPPED, 8
2, 1, 0.000000, 0, 0, 0, STOPPED, 8
2, 1, 0.000000, 0, 0, 0, STOPPED, 8
2, 1, 0.000000, 0, 0, 0, STOPPED, 8
2, 1, 0.000000, 0, 0, 0, STOPPED, 8
2, 1, 0.000000, 0, 0, 0, STOPPED, 8
2, 1, 0.000000, 0, 0, 0, STOPPED, 8
2, 1, 0.000000, 0, 0, 0, STOPPED, 8
2, 1, 0.000000, 0, 0, 0, GOING, 8
2, 1, 0.000000, 0, 0, 0, GOING, 8
2, 1, 0.000000, 0, 0, 0, GOING, 8
2, 1, 0.000000, 0, 0, 0, GOING, 8
2, 1, 0.000000, 0, 0, 0, GOING, 8
2, 1, 0.000000, 0, 0, 0, GOING, 8
2, 1, 0.000000, 0, 0, 0, GOING, 8
2, 1, 0.000000, 0, 0, 0, GOING, 8
2, 1, 0.000000, 0, 0, 0, GOING, 8
2, 1, 0.000000, 0, 0, 0, GOING, 8
2, 1, 0.000000, 0, 0, 0, GOING, 8
2, 1, 0.000000, 0, 0, 0, GOING, 8
2, 1, 0.000000, 0, 0, 0, GOING, 8
2, 1, 0.000000, 0, 0, 0, GOING, 8
2, 1, 0.000000, 0, 0, 0, GOING, 8
2, 1, 0.000000, 0, 0, 0, GOING, 8
2, 1, 0.000000, 0, 0, 0, GOING, 8
2, 1, 0.000000, 0, 0, 0, GOING, 8
2, 1, 0.000000, 0, 0, 0, GOING, 8
2, 1, 0.000000, 0, 0, 0, GOING, 8
2, 1, 0.000000, 0, 0, 0, GOING, 8
2, 1, 0.000000, 0, 0, 0, GOING, 8
2, 1, 0.000000, 0, 0, 0, GOING, 8
2, 1, 0.000000, 0, 0, 0, GOING, 8
2, 1, 0.000000, 0, 0, 0, GOING, 8
2, 1, 0.000000, 0, 0, 0, GOING, 8
2, 1, 0.000000, 0, 0, 0, GOING, 8
2, 1, 0.000000, 0, 0, 0, GOING, 8
2, 1, 0.000000, 0, 0, 0, GOING, 8
2, 1, 0.000000, 0, 0, 0, GOING, 8
2, 1, 0.000000, 0, 0, 0, GOING, 8
2, 1, 0.000000, 0, 0, 0, GOING, 8
2, 1, 0.000000, 0, 0, 0, GOING, 8
2, 1, 0.000000, 0, 0, 0, GOING, 8
2, 1, 0.000000, 0, 0, 0, GOING, 8
2, 1, 0.000000, 0, 0, 0, GOING, 8
2, 1, 0.000000, 0, 0, 0, GOING, 8
2, 1, 0.000000, 0, 0, 0, GOING, 8
2, 1, 0.000000, 0, 0, 0, GOING, 8
2, 1, 0.000000, 0, 0, 0, GOING, 8
2, 1, 0.000000, 0, 0, 0, GOING, 8
2, 1, 0.000000, 0, 0, 0, GOING, 8
2, 1, 0.000000, 0, 0, 0, GOING, 8
2, 1, 0.000000, 0, 0, 0, GOING, 8
2, 1, 0.000000, 0, 0, 0, GOING, 8
2, 1, 0.000000, 0, 0, 0, GOING, 8
2, 1, 0.000000, 0, 0, 0, GOING, 8
2, 1, 0.000000, 0, 0, 0, GOING, 8
2, 1, 0.000000, 0, 0, 0, GOING, 8
2, 1, 0.000000, 0, 0, 0, GOING, 8
2, 1, 0.000000, 0, 0, 0, GOING, 8
2, 1, 0.000000, 0, 0, 0, GOING, 8
2, 1, 0.000000, 0, 0, 0, GOING, 8
2, 1, 0.000000, 0, 0, 0, STOPPED, 8
2, 1, 0.000000, 0, 0, 0, STOPPED, 8
2, 1, 0.000000, 0, 0, 0, STOPPED, 8
2, 1, 0.000000, 0, 0, 0, STOPPED, 8
2, 1, 0.000000, 0, 0, 0, STOPPED, 8
2, 1, 0.000000, 0, 0, 0, STOPPED, 8
2, 1, 0.000000, 0, 0, 0, STOPPED, 8
2, 1, 0.000000, 0, 0, 0, STOPPED, 8
1, 1, 0.000000, 0, 0, 0, STOPPED, 8
1, 1, 0.000000, 0, 0, 0, STOPPED, 8
1, 1, 0.000000, 0, 0, 0, STOPPED, 8
1, 1, 0.000000, 0, 0, 0, STOPPED, 8
1, 1, 0.000000, 0, 0, 0, STOPPED, 8
1, 1, 0.000000, 0, 0, 0, STOPPED, 8
1, 1, 0.000000, 0, 0, 0, STOPPED, 8
1, 1, 0.000000, 0, 0, 0, STOPPED, 8
1, 1, 0.000000, 0, 0, 0, STOPPED, 8
1, 1, 0.000000, 0, 0, 0, STOPPED, 8
1, 1, 0.000000, 0, 0, 0, STOPPED, 8
1, 1, 0.000000, 0, 0, 0, STOPPED, 8
1, 1, 0.000000, 0, 0, 0, STOPPED, 8
1, 1, 0.000000, 0, 0, 0, STOPPED, 8
1, 1, 0.000000, 0, 0, 0, GOING, 8
1, 1, 0.000000, 0, 0, 0, GOING, 8
1, 1, 0.000000, 0, 0, 0, GOING, 8
1, 1, 0.000000, 0, 0, 0, GOING, 8
1, 1, 0.000000, 0, 0, 0, GOING, 8
1, 1, 0.000000, 0, 0, 0, GOING, 8
1, 1, 0.000000, 0, 0, 0, GOING, 8
1, 1, 0.000000, 0, 0, 0, GOING, 8
1, 1, 0.000000, 0, 0, 0, GOING, 8
1, 1, 0.000000, 0, 0, 0, GOING, 8
1, 1, 0.000000, 0, 0, 0, GOING, 8
1, 1, 0.000000, 0, 0, 0, GOING, 8
1, 1, 0.000000, 0, 0, 0, GOING, 8
1, 1, 0.000000, 0, 0, 0, GOING, 8
1, 1, 0.000000, 0, 0, 0, GOING, 8
1, 1, 0.000000, 0, 0, 0, GOING, 8
1, 1, 0.000000, 0, 0, 0, GOING, 8
1, 1, 0.000000, 0, 0, 0, GOING, 8
1, 1, 0.000000, 0, 0, 0, GOING, 8
1, 1, 0.000000, 0, 0, 0, GOING, 8
1, 1, 0.000000, 0, 0, 0, GOING, 8
1, 1, 0.000000, 0, 0, 0, GOING, 8
1, 1, 0.000000, 0, 0, 0, GOING, 8
1, 1, 0.000000, 0, 0, 0, GOING, 8
1, 1, 0.000000, 0, 0, 0, GOING, 8
1, 1, 0.000000, 0, 0, 0, GOING, 8
1, 1, 0.000000, 0, 0, 0, GOING, 8
1, 1, 0.000000, 0, 0, 0, GOING, 8
1, 1, 0.000000, 0, 0, 0, GOING, 8
1, 1, 0.000000, 0, 0, 0, GOING, 8
1, 1, 0.000000, 0, 0, 0, GOING, 8
1, 1, 0.000000, 0, 0, 0, GOING, 8
1, 1, 0.000000, 0, 0, 0, GOING, 8
1, 1, 0.000000, 0, 0, 0, GOING, 8
1, 1, 0.000000, 0, 0, 0, GOING, 8
1, 1, 0.000000, 0, 0, 0, STOPPED, 8
1, 1, 0.000000, 0, 0, 0, STOPPED, 8
1, 1, 0.000000, 0, 0, 0, STOPPED, 8
1, 1, 0.000000, 0, 0, 0, STOPPED, 8
1, 1, 0.000000, 0, 0, 0, STOPPED, 8
1, 1, 0.000000, 0, 0, 0, STOPPED, 8
1, 1, 0.000000, 0, 0, 0, STOPPED, 8
1, 1, 0.000000, 0, 0, 0, STOPPED, 8
1, 1, 0.000000, 0, 0, 0, STOPPED, 8
1, 1, 0.000000, 0, 0, 0, STOPPED, 8
1, 1, 0.000000, 0, 0, 0, STOPPED, 8
1, 1, 0.000000, 0, 0, 0, STOPPED, 8
1, 1, 0.000000, 0, 0, 0, STOPPED, 8
1, 1, 0.000000, 0, 0, 0, STOPPED, 8
1, 1, 0.000000, 0, 0, 0, STOPPED, 8
1, 1, 0.000000, 0, 0, 0, STOPPED, 8
1, 1, 0.000000, 0, 0, 0, STOPPED, 8
1, 1, 0.000000, 0, 0, 0, STOPPED, 8
1, 1, 0.000000, 0, 0, 0, STOPPED, 8
1, 1, 0.000000, 0, 0, 0, STOPPED, 8
1, 1, 0.000000, 0, 0, 0, STOPPED, 8
1, 1, 0.000000, 0, 0, 0, STOPPED, 8
1, 1, 0.000000, 0, 0, 0, STOPPED, 8
1, 1, 0.000000, 0, 0, 0, STOPPED, 8
1, 1, 0.000000, 0, 0, 0, STOPPED, 8
1, 1, 0.000000, 0, 0, 0, STOPPED, 8
1, 1, 0.000000, 0, 0, 0, STOPPED, 8
1, 1, 0.000000, 0, 0, 0, STOPPED, 8
1, 1, 0.000000, 0, 0, 0, STOPPED, 8
0, 1, 0.000000, 0, 0, 0, STOPPED, 8
0, 1, 0.000000, 0, 0, 0, STOPPED, 8
0, 1, 0.000000, 0, 0, 0, STOPPED, 8
0, 1, 0.000000, 0, 0, 0, STOPPED, 8
0, 1, 0.000000, 0, 0, 0, STOPPED, 8
0, 1, 0.000000, 0, 0, 0, STOPPED, 8
0, 1, 0.000000, 0, 0, 0, STOPPED, 8
0, 1, 0.000000, 0, 0, 0, STOPPED, 8
0, 1, 0.000000, 0, 0, 0, STOPPED, 8
0, 1, 0.000000, 0, 0, 0, STOPPED, 8
0, 1, 0.000000, 0, 0, 0, STOPPED, 8
0, 1, 0.000000, 0, 0, 0, STOPPED, 8
0, 1, 0.000000, 0, 0, 0, STOPPED, 8
0, 1, 0.000000, 0, 0, 0, STOPPED, 8
0, 1, 0.000000, 0, 0, 0, STOPPED, 8
0, 1, 0.000000, 0, 0, 0, STOPPED, 8
0, 1, 0.000000, 0, 0, 0, STOPPED, 8
0, 1, 0.000000, 0, 0, 0, STOPPED, 8
0, 1, 0.000000, 0, 0, 0, STOPPED, 8
0, 1, 0.000000, 0, 0, 1, STOPPED, 9
0, 1, 0.000000, 0, 0, 1, STOPPED, 9
0, 1, 0.000000, 0, 0, 1, STOPPED, 9
0, 1, 0.000000, 0, 0, 1, STOPPED, 9
0, 1, 0.000000, 0, 0, 1, STOPPED, 9
0, 1, 0.000000, 0, 0, 1, STOPPED, 9
0, 1, 0.000000, 0, 0, 1, STOPPED, 9
0, 1, 0.000000, 0, 0, 1, STOPPED, 9
0, 1, 0.000000, 0, 0, 1, STOPPED, 9
0, 1, 0.000000, 0, 0, 1, STOPPED, 9
0, 1, 0.000000, 0, 0, 1, STOPPED, 9
0, 1, 0.000000, 0, 0, 1, STOPPED, 9
0, 1, 0.000000, 0, 0, 1, STOPPED, 9
0, 1, 0.000000, 0, 0, 1, STOPPED, 9
0, 1, 0.000000, 0, 0, 1, STOPPED, 9
0, 1, 0.000000, 0, 0, 1, STOPPED, 9
0, 1, 0.000000, 0, 0, 1, STOPPED, 9
0, 1, 0.000000, 0, 0, 1, STOPPED, 9
0, 1, 0.000000, 0, 0, 1, STOPPED, 9
0, 1, 0.000000, 0, 0, 1, STOPPED, 9
0, 1, 0.000000, 0, 0, 1, STOPPED, 9
0, 1, 0.000000, 0, 0, 1, STOPPED, 9
0, 1, 0.000000, 0, 0, 1, STOPPED, 9
0, 1, 0.000000, 0, 0, 1, STOPPED, 9
0, 1, 0.000000, 0, 0, 1, STOPPED, 9
0, 1, 0.000000, 0, 0, 1, STOPPED, 9
0, 1, 0.000000, 0, 0, 1, STOPPED, 9
0, 1, 0.000000, 0, 0, 1, STOPPED, 9
0, 1, 0.000000, 0, 0, 1, STOPPED, 9
0, 1, 0.000000, 0, 0, 1, STOPPED, 9
0, 1, 0.000000, 0, 0, 1, STOPPED, 9
0, 1, 0.000000, 0, 0, 1, STOPPED, 9
0, 1, 0.000000, 0, 0, 1, STOPPED, 9
0, 1, 0.000000, 0, 0, 1, STOPPED, 9
0, 1, 0.000000, 0, 0, 1, STOPPED, 9
0, 1, 0.000000, 0, 0, 1, STOPPED, 9
0, 1, 0.000000, 0, 0, 1, STOPPED, 9
0, 1, 0.000000, 0, 0, 1, STOPPED, 9
0, 1, 0.000000, 0, 0, 1, STOPPED, 9
0, 1, 0.000000, 0, 0, 1, STOPPED, 9
0, 1, 0.000000, 0, 0, 1, STOPPED, 9
0, 1, 0.000000, 0, 0, 1, STOPPED, 9
0, 1, 0.000000, 0, 0, 1, STOPPED, 9
0, 1, 0.000000, 0, 0, 1, STOPPED, 9
0, 1, 0.000000, 0, 0, 1, STOPPED, 9
0, 1, 0.000000, 0, 0, 1, STOPPED, 9
0, 1, 0.000000, 0, 0, 1, STOPPED, 9
0, 1, 0.000000, 0, 0, 1, STOPPED, 9
0, 1, 0.000000, 0, 0, 1, STOPPED, 9
0, 1, 0.000000, 0, 0, 1, STOPPED, 9
0, 1, 0.000000, 0, 0, 1, STOPPED, 9
0, 1, 0.000000, 0, 0, 1, STOPPED, 9
0, 1, 0.000000, 0, 0, 1, STOPPED, 9
0, 1, 0.000000, 0, 0, 1, STOPPED, 9
0, 1, 0.000000, 0, 0, 1, STOPPED, 9
0, 1, 0.000000, 0, 0, 1, STOPPED, 9
0, 1, 0.000000, 0, 0, 1, STOPPED, 9
0, 1, 0.000000, 0, 0, 1, GOING, 9
0, 1, 0.000000, 0, 0, 1, GOING, 9
0, 1, 0.000000, 0, 0, 1, GOING, 9
0, 1, 0.000000, 0, 0, 1, GOING, 9
0, 1, 0.000000, 0, 0, 1, GOING, 9
0, 1, 0.000000, 0, 0, 1, GOING, 9
0, 1, 0.000000, 0, 0, 1, GOING, 9
0, 1, 0.000000, 0, 0, 1, GOING, 9
0, 1, 0.000000, 0, 0, 1, GOING, 9
0, 1, 0.000000, 0, 0, 1, GOING, 9
0, 1, 0.000000, 0, 0, 1, GOING, 9
0, 1, 0.000000, 0, 0, 1, GOING, 9
0, 1, 0.000000, 0, 0, 1, GOING, 9
0, 1, 0.000000, 0, 0, 1, GOING, 9
0, 1, 0.000000, 0, 0, 1, GOING, 9
0, 1, 0.000000, 0, 0, 1, GOING, 9
0, 1, 0.000000, 0, 0, 1, GOING, 9
0, 1, 0.000000, 0, 0, 1, GOING, 9
0, 1, 0.000000, 0, 0, 1, GOING, 9
0, 1, 0.000000, 0, 0, 1, GOING, 9
0, 1, 0.000000, 0, 0, 1, GOING, 9
0, 1, 0.000000, 0, 0, 1, GOING, 9
0, 1, 0.000000, 0, 0, 1, GOING, 9
0, 1, 0.000000, 0, 0, 1, GOING, 9
0, 1, 0.000000, 0, 0, 1, GOING, 9
0, 1, 0.000000, 0, 0, 1, GOING, 9
0, 1, 0.000000, 0, 0, 1, GOING, 9
0, 1, 0.000000, 0, 0, 1, GOING, 9
0, 1, 0.000000, 0, 0, 1, GOING, 9
0, 1, 0.000000, 0, 0, 1, GOING, 9
0, 1, 0.000000, 0, 0, 1, GOING, 9
0, 1, 0.000000, 0, 0, 1, GOING, 9
0, 1, 0.000000, 0, 0, 1, GOING, 9
0, 1, 0.000000, 0, 0, 1, GOING, 9
0, 1, 0.000000, 0, 0, 1, GOING, 9
0, 1, 0.000000, 0, 0, 1, GOING, 9
0, 1, 0.000000, 0, 0, 1, GOING, 9
0, 1, 0.000000, 0, 0, 1, GOING, 9
0, 1, 0.000000, 0, 0, 1, GOING, 9
0, 1, 0.000000, 0, 0, 1, GOING, 9
0, 1, 0.000000, 0, 0, 1, GOING, 9
0, 1, 0.000000, 0, 0, 1, GOING, 9
0, 1, 0.000000, 0, 0, 1, GOING, 9
0, 1, 0.000000, 0, 0, 1, GOING, 9
0, 1, 0.000000, 0, 0, 1, GOING, 9
0, 1, 0.000000, 0, 0, 1, GOING, 9
0, 1, 0.000000, 0, 0, 1, GOING, 9
0, 1, 0.000000, 0, 0, 1, GOING, 9
0, 1, 0.000000, 0, 0, 1, GOING, 9
0, 1, 0.000000, 0, 0, 1, GOING, 9
0, 1, 0.000000, 0, 0, 1, GOING, 9
0, 1, 0.000000, 0, 0, 1, GOING, 9
0, 1, 0.000000, 0, 0, 1, GOING, 9
0, 1, 0.000000, 0, 0, 1, GOING, 9
0, 1, 0.000000, 0, 0, 1, GOING, 9
0, 1, 0.000000, 0, 0, 1, GOING, 9
0, 1, 0.000000, 0, 0, 1, GOING, 9
0, 1, 0.000000, 0, 0, 1, GOING, 9
0, 1, 0.000000, 0, 0, 1, GOING, 9
0, 1, 0.000000, 0, 0, 1, GOING, 9
0, 1, 0.000000, 0, 0, 1, GOING, 9
0, 1, 0.000000, 0, 0, 1, GOING, 9
0, 1, 0.000000, 0, 0, 1, GOING, 9
0, 1, 0.000000, 0, 0, 1, GOING, 9
0, 1, 0.000000, 0, 0, 1, GOING, 9
0, 1, 0.000000, 0, 0, 1, GOING, 9
0, 1, 0.000000, 0, 0, 1, GOING, 9
0, 1, 0.000000, 0, 0, 1, GOING, 9
0, 1, 0.000000, 0, 0, 1, GOING, 9
0, 1, 0.000000, 0, 0, 1, GOING, 9
0, 1, 0.000000, 0, 0, 1, GOING, 9
0, 1, 0.000000, 0, 0, 1, TURNING CCW, 9
0, 1, 0.000000, 0, 0, 1, TURNING CCW, 9
0, 1, 0.000000, 0, 0, 1, TURNING CCW, 9
0, 1, 0.000000, 0, 0, 1, TURNING CCW, 9
0, 1, 0.000000, 0, 0, 1, TURNING CCW, 9
0, 1, 0.000000, 0, 0, 1, TURNING CCW, 9
0, 1, 0.000000, 0, 0, 1, TURNING CCW, 9
0, 1, 0.000000, 0, 0, 1, TURNING CCW, 9
0, 1, 0.000000, 0, 0, 1, TURNING CCW, 9
0, 1, 0.000000, 0, 0, 1, TURNING CCW, 9
0, 1, 0.000000, 0, 0, 1, TURNING CCW, 9
0, 1, 0.000000, 0, 0, 1, TURNING CCW, 9
0, 1, 0.000000, 0, 0, 1, TURNING CCW, 9
0, 1, 0.000000, 0, 0, 1, TURNING CCW, 9
0, 1, 0.000000, 0, 0, 1, TURNING CCW, 9
0, 1, 0.000000, 0, 0, 1, TURNING CCW, 9
0, 1, 0.000000, 0, 0, 1, TURNING CCW, 9
0, 1, 0.000000, 0, 0, 1, TURNING CCW, 9
0, 1, 0.000000, 0, 0, 1, TURNING CCW, 9
0, 1, 0.000000, 0, 0, 1, TURNING CCW, 9
0, 1, 0.000000, 0, 0, 1, TURNING CCW, 9
0, 1, 0.000000, 0, 0, 1, TURNING CCW, 9
0, 1, 0.000000, 0, 0, 1, TURNING CCW, 9
0, 1, 0.000000, 0, 0, 1, TURNING CCW, 9
0, 1, 0.000000, 0, 0, 1, TURNING CCW, 9
0, 1, 0.000000, 0, 0, 1, TURNING CCW, 9
0, 1, 0.000000, 0, 0, 1, TURNING CCW, 9
0, 1, 0.000000, 0, 0, 1, TURNING CCW, 9
0, 1, 0.000000, 0, 0, 1, TURNING CCW, 9
0, 1, 0.000000, 0, 0, 1, TURNING CCW, 9
0, 1, 0.000000, 0, 0, 1, TURNING CCW, 9
0, 1, 0.000000, 0, 0, 1, TURNING CCW, 9
0, 1, 0.000000, 0, 0, 1, TURNING CCW, 9
0, 1, 0.000000, 0, 0, 1, TURNING CCW, 9
0, 1, 0.000000, 0, 0, 1, TURNING CCW, 9
0, 1, 0.000000, 0, 0, 1, TURNING CCW, 9
0, 1, 0.000000, 0, 0, 1, TURNING CCW, 9
0, 1, 0.000000, 0, 0, 1, TURNING CCW, 9
0, 1, 0.000000, 0, 0, 1, TURNING CCW, 9
0, 1, 0.000000, 0, 0, 1, TURNING CCW, 9
0, 1, 0.000000, 0, 0, 1, TURNING CCW, 9
0, 1, 0.000000, 0, 0, 1, TURNING CCW, 9
0, 1, 0.000000, 0, 0, 1, TURNING CCW, 9
0, 1, 0.000000, 0, 0, 1, TURNING CCW, 9
0, 1, 0.000000, 0, 0, 1, TURNING CCW, 9
0, 1, 0.000000, 0, 0, 1, TURNING CCW, 9
0, 1, 0.000000, 0, 0, 1, TURNING CCW, 9
0, 1, 0.000000, 0, 0, 1, TURNING CCW, 9
0, 1, 0.000000, 0, 0, 1, TURNING CCW, 9
0, 1, 0.000000, 0, 0, 1, TURNING CCW, 9
0, 1, 0.000000, 0, 0, 1, TURNING CCW, 9
0, 1, 0.000000, 0, 0, 1, TURNING CCW, 9
0, 1, 0.000000, 0, 0, 1, TURNING CCW, 9
0, 1, 0.000000, 0, 0, 1, TURNING CCW, 9
0, 1, 0.000000, 0, 0, 1, TURNING CCW, 9
0, 1, 0.000000, 0, 0, 1, TURNING CCW, 9
0, 1, 0.000000, 0, 0, 1, TURNING CCW, 9
0, 1, 0.000000, 0, 0, 1, STOPPED, 9
0, 1, 0.000000, 0, 0, 1, STOPPED, 9
0, 1, 0.000000, 0, 0, 1, STOPPED, 9
0, 1, 0.000000, 0, 0, 1, STOPPED, 9
0, 1, 0.000000, 0, 0, 1, STOPPED, 9
0, 1, 0.000000, 0, 0, 1, STOPPED, 9
0, 1, 0.000000, 0, 0, 1, STOPPED, 9
0, 1, 0.000000, 0, 0, 1, STOPPED, 9
0, 1, 0.000000, 0, 0, 1, STOPPED, 9
0, 1, 0.000000, 0, 0, 1, STOPPED, 9
0, 1, 0.000000, 0, 0, 0, STOPPED, 10
0, 1, 0.000000, 0, 0, 0, STOPPED, 10
0, 1, 0.000000, 0, 0, 0, STOPPED, 10
0, 1, 0.000000, 0, 0, 0, STOPPED, 10
0, 1, 0.000000, 0, 0, 0, STOPPED, 10
0, 1, 0.000000, 0, 0, 0, STOPPED, 10
0, 1, 0.000000, 0, 0, 0, STOPPED, 10
0, 1, 0.000000, 0, 0, 0, STOPPED, 10
0, 1, 0.000000, 0, 0, 0, STOPPED, 10
0, 1, 0.000000, 0, 0, 0, STOPPED, 10
1, 1, 0.000000, 0, 0, 0, STOPPED, 10
1, 1, 0.000000, 0, 0, 0, STOPPED, 10
1, 1, 0.000000, 0, 0, 0, STOPPED, 10
1, 1, 0.000000, 0, 0, 0, STOPPED, 10
1, 1, 0.000000, 0, 0, 0, STOPPED, 10
1, 1, 0.000000, 0, 0, 0, STOPPED, 10
1, 1, 0.000000, 0, 0, 0, STOPPED, 10
1, 1, 0.000000, 0, 0, 0, STOPPED, 10
1, 1, 0.000000, 0, 0, 0, STOPPED, 10
1, 1, 0.000000, 0, 0, 0, STOPPED, 10
1, 1, 0.000000, 0, 0, 0, STOPPED, 10
1, 1, 0.000000, 0, 0, 0, STOPPED, 10
1, 1, 0.000000, 0, 0, 0, GOING, 10
1, 1, 0.000000, 0, 0, 0, GOING, 10
1, 1, 0.000000, 0, 0, 0, GOING, 10
1, 1, 0.000000, 0, 0, 0, GOING, 10
1, 1, 0.000000, 0, 0, 0, GOING, 10
1, 1, 0.000000, 0, 0, 0, GOING, 10
1, 1, 0.000000, 0, 0, 0, GOING, 10
1, 1, 0.000000, 0, 0, 0, GOING, 10
1, 1, 0.000000, 0, 0, 0, GOING, 10
1, 1, 0.000000, 0, 0, 0, GOING, 10
1, 1, 0.000000, 0, 0, 0, GOING, 10
1, 1, 0.000000, 0, 0, 0, GOING, 10
1, 1, 0.000000, 0, 0, 0, GOING, 10
1, 1, 0.000000, 0, 0, 0, GOING, 10
1, 1, 0.000000, 0, 0, 0, GOING, 10
1, 1, 0.000000, 0, 0, 0, GOING, 10
1, 1, 0.000000, 0, 0, 0, GOING, 10
1, 1, 0.000000, 0, 0, 0, GOING, 10
1, 1, 0.000000, 0, 0, 0, GOING, 10
1, 1, 0.000000, 0, 0, 0, GOING, 10
1, 1, 0.000000, 0, 0, 0, GOING, 10
1, 1, 0.000000, 0, 0, 0, GOING, 10
1, 1, 0.000000, 0, 0, 0, GOING, 10
1, 1, 0.000000, 0, 0, 0, GOING, 10
1, 1, 0.000000, 0, 0, 0, GOING, 10
1, 1, 0.000000, 0, 0, 0, GOING, 10
1, 1, 0.000000, 0, 0, 0, GOING, 10
1, 1, 0.000000, 0, 0, 0, GOING, 10
1, 1, 0.000000, 0, 0, 0, GOING, 10
1, 1, 0.000000, 0, 0, 0, GOING, 10
1, 1, 0.000000, 0, 0, 0, GOING, 10
1, 1, 0.000000, 0, 0, 0, GOING, 10
1, 1, 0.000000, 0, 0, 0, GOING, 10
1, 1, 0.000000, 0, 0, 0, GOING, 10
1, 1, 0.000000, 0, 0, 0, GOING, 10
1, 1, 0.000000, 0, 0, 0, GOING, 10
1, 1, 0.000000, 0, 0, 0, GOING, 10
1, 1, 0.000000, 0, 0, 0, GOING, 10
1, 1, 0.000000, 0, 0, 0, GOING, 10
1, 1, 0.000000, 0, 0, 0, GOING, 10
1, 1, 0.000000, 0, 0, 0, GOING, 10
1, 1, 0.000000, 0, 0, 0, GOING, 10
1, 1, 0.000000, 0, 0, 0, GOING, 10
1, 1, 0.000000, 0, 0, 0, GOING, 10
1, 1, 0.000000, 0, 0, 0, GOING, 10
1, 1, 0.000000, 0, 0, 0, GOING, 10
1, 1, 0.000000, 0, 0, 0, GOING, 10
1, 1, 0.000000, 0, 0, 0, GOING, 10
1, 1, 0.000000, 0, 0, 0, GOING, 10
1, 1, 0.000000, 0, 0, 0, GOING, 10
1, 1, 0.000000, 0, 0, 0, GOING, 10
1, 1, 0.000000, 0, 0, 0, GOING, 10
1, 1, 0.000000, 0, 0, 0, GOING, 10
1, 1, 0.000000, 0, 0, 0, GOING, 10
1, 1, 0.000000, 0, 0, 0, GOING, 10
1, 1, 0.000000, 0, 0, 0, GOING, 10
1, 1, 0.000000, 0, 0, 0, GOING, 10
1, 1, 0.000000, 0, 0, 0, GOING, 10
1, 1, 0.000000, 0, 0, 0, GOING, 10
1, 1, 0.000000, 0, 0, 0, GOING, 10
1, 1, 0.000000, 0, 0, 0, GOING, 10
1, 1, 0.000000, 0, 0, 0, GOING, 10
1, 1, 0.000000, 0, 0, 0, GOING, 10
1, 1, 0.000000, 0, 0, 0, GOING, 10
1, 1, 0.000000, 0, 0, 0, GOING, 10
1, 1, 0.000000, 0, 0, 0, GOING, 10
1, 1, 0.000000, 0, 0, 0, GOING, 10
1, 1, 0.000000, 0, 0, 0, GOING, 10
1, 1, 0.000000, 0, 0, 0, GOING, 10
1, 1, 0.000000, 0, 0, 0, GOING, 10
1, 1, 0.000000, 0, 0, 0, GOING, 10
1, 1, 0.000000, 0, 0, 0, GOING, 10
1, 1, 0.000000, 0, 0, 0, GOING, 10
1, 1, 0.000000, 0, 0, 0, GOING, 10
1, 1, 0.000000, 0, 0, 0, GOING, 10
1, 1, 0.000000, 0, 0, 0, GOING, 10
1, 1, 0.000000, 0, 0, 0, GOING, 10
1, 1, 0.000000, 0, 0, 0, GOING, 10
1, 1, 0.000000, 0, 0, 0, GOING, 10
1, 1, 0.000000, 0, 0, 0, GOING, 10
1, 1, 0.000000, 0, 0, 0, GOING, 10
1, 1, 0.000000, 0, 0, 0, GOING, 10
1, 1, 0.000000, 0, 0, 0, GOING, 10
1, 1, 0.000000, 0, 0, 0, GOING, 10
1, 1, 0.000000, 0, 0, 0, GOING, 10
1, 1, 0.000000, 0, 0, 0, GOING, 10
1, 1, 0.000000, 0, 0, 0, GOING, 10
1, 1, 0.000000, 0, 0, 0, GOING, 10
1, 1, 0.000000, 0, 0, 0, GOING, 10
1, 1, 0.000000, 0, 0, 0, GOING, 10
1, 1, 0.000000, 0, 0, 0, GOING, 10
1, 1, 0.000000, 0, 0, 0, GOING, 10
1, 1, 0.000000, 0, 0, 0, GOING, 10
1, 1, 0.000000, 0, 0, 0, GOING, 10
1, 1, 0.000000, 0, 0, 0, GOING, 10
1, 1, 0.000000, 0, 0, 0, GOING, 10
2, 1, 0.000000, 0, 0, 0, GOING, 10
2, 1, 0.000000, 0, 0, 0, GOING, 10
2, 1, 0.000000, 0, 0, 0, GOING, 10
2, 1, 0.000000, 0, 0, 0, GOING, 10
1, 1, 0.000000, 0, 0, 0, GOING, 10
1, 1, 0.000000, 0, 0, 0, GOING, 10
1, 1, 0.000000, 0, 0, 0, GOING, 10
1, 1, 0.000000, 0, 0, 0, GOING, 10
1, 1, 0.000000, 0, 0, 0, GOING, 10
1, 1, 0.000000, 0, 0, 0, GOING, 10
1, 1, 0.000000, 0, 0, 0, GOING, 10
1, 1, 0.000000, 0, 0, 0, GOING, 10
1, 1, 0.000000, 0, 0, 0, GOING, 10
1, 1, 0.000000, 0, 0, 0, STOPPED, 10
1, 1, 0.000000, 0, 0, 0, STOPPED, 10
1, 1, 0.000000, 0, 0, 0, STOPPED, 10
1, 1, 0.000000, 0, 0, 0, STOPPED, 10
1, 1, 0.000000, 0, 0, 0, STOPPED, 10
1, 1, 0.000000, 0, 0, 0, STOPPED, 10
1, 1, 0.000000, 0, 0, 0, STOPPED, 10
1, 1, 0.000000, 0, 0, 0, STOPPED, 10
1, 1, 0.000000, 0, 0, 0, STOPPED, 10
1, 1, 0.000000, 0, 0, 0, STOPPED, 10
1, 1, 0.000000, 0, 0, 0, STOPPED, 10
1, 1, 0.000000, 0, 0, 0, STOPPED, 10
1, 1, 0.000000, 0, 0, 0, STOPPED, 10
1, 1, 0.000000, 0, 0, 0, STOPPED, 10
1, 1, 0.000000, 0, 0, 0, STOPPED, 10
1, 1, 0.000000, 0, 0, 0, STOPPED, 10
1, 1, 0.000000, 0, 0, 0, STOPPED, 10
1, 1, 0.000000, 0, 0, 0, STOPPED, 10
1, 1, 0.000000, 0, 0, 0, STOPPED, 10
1, 1, 0.000000, 0, 0, 0, STOPPED, 10
1, 1, 0.000000, 0, 0, 0, STOPPED, 10
1, 1, 0.000000, 0, 0, 0, STOPPED, 10
1, 1, 0.000000, 0, 0, 0, STOPPED, 10
1, 1, 0.000000, 0, 0, 0, STOPPED, 10
1, 1, 0.000000, 0, 0, 0, STOPPED, 10
1, 1, 0.000000, 0, 0, 0, STOPPED, 10
1, 1, 0.000000, 0, 0, 0, STOPPED, 10
1, 1, 0.000000, 0, 0, 0, STOPPED, 10
1, 1, 0.000000, 0, 0, 0, STOPPED, 10
1, 1, 0.000000, 0, 0, 0, STOPPED, 10
1, 1, 0.000000, 0, 0, 0, STOPPED, 10
1, 1, 0.000000, 0, 0, 0, STOPPED, 10
1, 1, 0.000000, 0, 0, 0, STOPPED, 10
0, 1, 0.000000, 0, 0, 0, STOPPED, 10
0, 1, 0.000000, 0, 0, 0, STOPPED, 10
0, 1, 0.000000, 0, 0, 0, STOPPED, 10
0, 1, 0.000000, 0, 0, 0, STOPPED, 10
0, 1, 0.000000, 0, 0, 0, STOPPED, 10
0, 1, 0.000000, 0, 0, 0, STOPPED, 10
0, 1, 0.000000, 0, 0, 0, STOPPED, 10
0, 1, 0.000000, 0, 0, 0, STOPPED, 10
0, 1, 0.000000, 0, 0, 0, STOPPED, 10
0, 1, 0.000000, 0, 0, 0, STOPPED, 10
0, 1, 0.000000, 0, 0, 0, STOPPED, 10
0, 1, 0.000000, 0, 0, 0, STOPPED, 10
0, 1, 0.000000, 0, 0, 0, STOPPED, 10
0, 1, 0.000000, 0, 0, 0, STOPPED, 10
0, 1, 0.000000, 0, 0, 0, STOPPED, 10
0, 1, 0.000000, 0, 0, 0, STOPPED, 10
0, 1, 0.000000, 0, 0, 0, STOPPED, 10
0, 1, 0.000000, 0, 0, 0, STOPPED, 10
0, 1, 0.000000, 0, 0, 0, STOPPED, 10
0, 1, 0.000000, 0, 0, 0, STOPPED, 10
0, 1, 0.000000, 0, 0, 1, STOPPED, 11
0, 1, 0.000000, 0, 0, 1, STOPPED, 11
0, 1, 0.000000, 0, 0, 1, STOPPED, 11
0, 1, 0.000000, 0, 0, 1, STOPPED, 11
0, 1, 0.000000, 0, 0, 1, STOPPED, 11
0, 1, 0.000000, 0, 0, 1, STOPPED, 11
0, 1, 0.000000, 0, 0, 1, STOPPED, 11
0, 1, 0.000000, 0, 0, 1, STOPPED, 11
0, 1, 0.000000, 0, 0, 1, STOPPED, 11
0, 1, 0.000000, 0, 0, 1, STOPPED, 11
0, 1, 0.000000, 0, 0, 1, STOPPED, 11
0, 1, 0.000000, 0, 0, 1, STOPPED, 11
0, 1, 0.000000, 0, 0, 1, STOPPED, 11
0, 1, 0.000000, 0, 0, 1, TURNING CCW, 11
0, 1, 0.000000, 0, 0, 1, TURNING CCW, 11
0, 1, 0.000000, 0, 0, 1, TURNING CCW, 11
0, 1, 0.000000, 0, 0, 1, TURNING CCW, 11
0, 1, 0.000000, 0, 0, 1, TURNING CCW, 11
0, 1, 0.000000, 0, 0, 1, TURNING CCW, 11
0, 1, 0.000000, 0, 0, 1, TURNING CCW, 11
0, 1, 0.000000, 0, 0, 1, TURNING CCW, 11
0, 1, 0.000000, 0, 0, 1, TURNING CCW, 11
0, 1, 0.000000, 0, 0, 1, TURNING CCW, 11
0, 1, 0.000000, 0, 0, 1, TURNING CCW, 11
0, 1, 0.000000, 0, 0, 1, TURNING CCW, 11
0, 1, 0.000000, 0, 0, 1, TURNING CCW, 11
0, 1, 0.000000, 0, 0, 1, TURNING CCW, 11
0, 1, 0.000000, 0, 0, 1, TURNING CCW, 11
0, 1, 0.000000, 0, 0, 1, TURNING CCW, 11
0, 1, 0.000000, 0, 0, 1, TURNING CCW, 11
0, 1, 0.000000, 0, 0, 1, TURNING CCW, 11
0, 1, 0.000000, 0, 0, 1, TURNING CCW, 11
0, 1, 0.000000, 0, 0, 1, TURNING CCW, 11
0, 1, 0.000000, 0, 0, 1, TURNING CCW, 11
0, 1, 0.000000, 0, 0, 1, TURNING CCW, 11
0, 1, 0.000000, 0, 0, 1, TURNING CCW, 11
0, 1, 0.000000, 0, 0, 1, TURNING CCW, 11
0, 1, 0.000000, 0, 0, 1, TURNING CCW, 11
0, 1, 0.000000, 0, 0, 1, TURNING CCW, 11
0, 1, 0.000000, 0, 0, 1, TURNING CCW, 11
0, 1, 0.000000, 0, 0, 1, TURNING CCW, 11
0, 1, 0.000000, 0, 0, 1, TURNING CCW, 11
0, 1, 0.000000, 0, 0, 1, TURNING CCW, 11
0, 1, 0.000000, 0, 0, 1, TURNING CCW, 11
0, 1, 0.000000, 0, 0, 1, TURNING CCW, 11
0, 1, 0.000000, 0, 0, 1, TURNING CCW, 11
0, 1, 0.000000, 0, 0, 1, TURNING CCW, 11
0, 1, 0.000000, 0, 0, 1, TURNING CCW, 11
0, 1, 0.000000, 0, 0, 1, TURNING CCW, 11
0, 1, 0.000000, 0, 0, 1, TURNING CCW, 11
0, 1, 0.000000, 0, 0, 1, TURNING CCW, 11
0, 1, 0.000000, 0, 0, 1, TURNING CCW, 11
0, 1, 0.000000, 0, 0, 1, TURNING CCW, 11
0, 1, 0.000000, 0, 0, 1, TURNING CCW, 11
0, 1, 0.000000, 0, 0, 1, TURNING CCW, 11
0, 1, 0.000000, 0, 0, 1, TURNING CCW, 11
0, 1, 0.000000, 0, 0, 1, TURNING CCW, 11
0, 1, 0.000000, 0, 0, 1, TURNING CCW, 11
0, 1, 0.000000, 0, 0, 1, TURNING CCW, 11
0, 1, 0.000000, 0, 0, 1, TURNING CCW, 11
0, 1, 0.000000, 0, 0, 1, TURNING CCW, 11
0, 1, 0.000000, 0, 0, 1, TURNING CCW, 11
0, 1, 0.000000, 0, 0, 1, TURNING CCW, 11
0, 1, 0.000000, 0, 0, 1, TURNING CCW, 11
0, 1, 0.000000, 0, 0, 1, TURNING CCW, 11
0, 1, 0.000000, 0, 0, 1, TURNING CCW, 11
0, 1, 0.000000, 0, 0, 1, TURNING CCW, 11
0, 1, 0.000000, 0, 0, 1, TURNING CCW, 11
0, 1, 0.000000, 0, 0, 1, TURNING CCW, 11
0, 1, 0.000000, 0, 0, 1, TURNING CCW, 11
0, 1, 0.000000, 0, 0, 1, TURNING CCW, 11
0, 1, 0.000000, 0, 0, 1, TURNING CCW, 11
0, 1, 0.000000, 0, 0, 1, TURNING CCW, 11
0, 1, 0.000000, 0, 0, 1, TURNING CCW, 11
0, 1, 0.000000, 0, 0, 1, TURNING CCW, 11
0, 1, 0.000000, 0, 0, 1, TURNING CCW, 11
0, 1, 0.000000, 0, 0, 1, TURNING CCW, 11
0, 1, 0.000000, 0, 0, 1, TURNING CCW, 11
0, 1, 0.000000, 0, 0, 1, TURNING CCW, 11
0, 1, 0.000000, 0, 0, 1, TURNING CCW, 11
0, 1, 0.000000, 0, 0, 1, TURNING CCW, 11
0, 1, 0.000000, 0, 0, 1, TURNING CCW, 11
0, 1, 0.000000, 0, 0, 1, TURNING CCW, 11
0, 1, 0.000000, 0, 0, 1, TURNING CCW, 11
0, 1, 0.000000, 0, 0, 1, TURNING CCW, 11
0, 1, 0.000000, 0, 0, 1, TURNING CCW, 11
0, 1, 0.000000, 0, 0, 1, TURNING CCW, 11
0, 1, 0.000000, 0, 0, 1, TURNING CCW, 11
0, 1, 0.000000, 0, 0, 1, TURNING CCW, 11
0, 1, 0.000000, 0, 0, 1, TURNING CCW, 11
0, 1, 0.000000, 0, 0, 1, TURNING CCW, 11
0, 1, 0.000000, 0, 0, 1, TURNING CCW, 11
0, 1, 0.000000, 0, 0, 1, TURNING CCW, 11
0, 1, 0.000000, 0, 0, 1, TURNING CCW, 11
0, 1, 0.000000, 0, 0, 1, TURNING CCW, 11
0, 1, 0.000000, 0, 0, 1, TURNING CCW, 11
0, 1, 0.000000, 0, 0, 1, TURNING CCW, 11
0, 1, 0.000000, 0, 0, 1, TURNING CCW, 11
0, 1, 0.000000, 0, 0, 1, TURNING CCW, 11
0, 1, 0.000000, 0, 0, 1, TURNING CCW, 11
0, 1, 0.000000, 0, 0, 1, TURNING CCW, 11
0, 1, 0.000000, 0, 0, 1, TURNING CCW, 11
0, 1, 0.000000, 0, 0, 1, TURNING CCW, 11
0, 1, 0.000000, 0, 0, 1, TURNING CCW, 11
0, 1, 0.000000, 0, 0, 1, TURNING CCW, 11
0, 1, 0.000000, 0, 0, 1, TURNING CCW, 11
0, 1, 0.000000, 0, 0, 1, TURNING CCW, 11
0, 1, 0.000000, 0, 0, 1, TURNING CCW, 11
0, 1, 0.000000, 0, 0, 1, TURNING CCW, 11
0, 1, 0.000000, 0, 0, 1, TURNING CCW, 11
0, 1, 0.000000, 0, 0, 1, TURNING CCW, 11
0, 1, 0.000000, 0, 0, 1, TURNING CCW, 11
0, 1, 0.000000, 0, 0, 1, TURNING CCW, 11
0, 1, 0.000000, 0, 0, 1, TURNING CCW, 11
0, 1, 0.000000, 0, 0, 1, TURNING CCW, 11
0, 1, 0.000000, 0, 0, 1, TURNING CCW, 11
0, 1, 0.000000, 0, 0, 1, TURNING CCW, 11
0, 1, 0.000000, 0, 0, 1, TURNING CCW, 11
0, 1, 0.000000, 0, 0, 1, STOPPED, 11
0, 1, 0.000000, 0, 0, 1, STOPPED, 11
0, 1, 0.000000, 0, 0, 1, STOPPED, 11
0, 1, 0.000000, 0, 0, 1, STOPPED, 11
0, 1, 0.000000, 0, 0, 1, STOPPED, 11
0, 1, 0.000000, 0, 0, 1, GOING, 11
0, 1, 0.000000, 0, 0, 1, GOING, 11
0, 1, 0.000000, 0, 0, 1, GOING, 11
0, 1, 0.000000, 0, 0, 1, GOING, 11
0, 1, 0.000000, 0, 0, 1, GOING, 11
2, 1, 140.000000, 0, 0, 1, GOING, 11
2, 1, 140.000000, 0, 0, 1, GOING, 11
0, 1, 140.000000, 0, 0, 1, GOING, 11
0, 1, 140.000000, 0, 0, 1, GOING, 11
0, 1, 140.000000, 0, 0, 1, GOING, 11
0, 1, 140.000000, 0, 0, 1, GOING, 11
0, 1, 140.000000, 0, 0, 1, GOING, 11
0, 1, 140.000000, 0, 0, 1, GOING, 11
0, 1, 140.000000, 0, 0, 1, GOING, 11
0, 1, 140.000000, 0, 0, 1, GOING, 11
0, 1, 140.000000, 0, 0, 1, GOING, 11
0, 1, 140.000000, 0, 0, 1, GOING, 11
0, 1, 140.000000, 0, 0, 1, GOING, 11
0, 1, 140.000000, 0, 0, 1, GOING, 11
0, 1, 140.000000, 0, 0, 1, GOING, 11
0, 1, 140.000000, 0, 0, 1, GOING, 11
0, 1, 140.000000, 0, 0, 1, GOING, 11
0, 1, 140.000000, 0, 0, 1, GOING, 11
0, 1, 140.000000, 0, 0, 1, GOING, 11
0, 1, 140.000000, 0, 0, 1, GOING, 11
0, 1, 140.000000, 0, 0, 1, GOING, 11
0, 1, 140.000000, 0, 0, 1, GOING, 11
0, 1, 140.000000, 0, 0, 1, GOING, 11
0, 1, 140.000000, 0, 0, 1, GOING, 11
0, 1, 140.000000, 0, 0, 1, GOING, 11
0, 1, 140.000000, 0, 0, 1, GOING, 11
0, 1, 140.000000, 0, 0, 1, GOING, 11
0, 1, 140.000000, 0, 0, 1, GOING, 11
0, 1, 140.000000, 0, 0, 1, GOING, 11
0, 1, 140.000000, 0, 0, 1, GOING, 11
0, 1, 140.000000, 0, 0, 1, GOING, 11
0, 1, 140.000000, 0, 0, 1, GOING, 11
0, 1, 140.000000, 0, 0, 1, GOING, 11
0, 1, 140.000000, 0, 0, 1, GOING, 11
0, 1, 140.000000, 0, 0, 1, GOING, 11
0, 1, 140.000000, 0, 0, 1, GOING, 11
0, 1, 140.000000, 0, 0, 1, GOING, 11
0, 1, 140.000000, 0, 0, 1, GOING, 11
0, 1, 140.000000, 0, 0, 1, GOING, 11
0, 1, 140.000000, 0, 0, 1, GOING, 11
0, 1, 140.000000, 0, 0, 1, GOING, 11
0, 1, 140.000000, 0, 0, 1, GOING, 11
0, 1, 140.000000, 0, 0, 1, GOING, 11
0, 1, 140.000000, 0, 0, 1, GOING, 11
0, 1, 140.000000, 0, 0, 1, GOING, 11
0, 1, 140.000000, 0, 0, 1, GOING, 11
0, 1, 140.000000, 0, 0, 1, GOING, 11
0, 1, 140.000000, 0, 0, 1, GOING, 11
0, 1, 140.000000, 0, 0, 1, GOING, 11
0, 1, 140.000000, 0, 0, 1, GOING, 11
0, 1, 140.000000, 0, 0, 1, GOING, 11
0, 1, 140.000000, 0, 0, 1, GOING, 11
0, 1, 140.000000, 0, 0, 1, GOING, 11
0, 1, 140.000000, 0, 0, 1, GOING, 11
0, 1, 140.000000, 0, 0, 1, GOING, 11
0, 1, 140.000000, 0, 0, 1, GOING, 11
0, 1, 140.000000, 0, 0, 1, GOING, 11
0, 1, 140.000000, 0, 0, 1, GOING, 11
0, 1, 140.000000, 0, 0, 1, STOPPED, 11
0, 1, 140.000000, 0, 0, 1, STOPPED, 11
0, 1, 140.000000, 0, 0, 1, STOPPED, 11
0, 1, 140.000000, 0, 0, 1, STOPPED, 11
0, 1, 140.000000, 0, 0, 1, STOPPED, 11
0, 1, 140.000000, 0, 0, 1, STOPPED, 11
0, 1, 140.000000, 0, 0, 1, STOPPED, 11
0, 1, 140.000000, 0, 0, 1, STOPPED, 11
0, 1, 140.000000, 0, 0, 1, STOPPED, 11
0, 1, 140.000000, 0, 0, 1, STOPPED, 11
0, 1, 140.000000, 0, 0, 1, STOPPED, 11
0, 1, 140.000000, 0, 0, 1, STOPPED, 11
0, 1, 140.000000, 0, 0, 1, STOPPED, 11
0, 1, 140.000000, 0, 0, 1, STOPPED, 11
0, 1, 140.000000, 0, 0, 1, STOPPED, 11
0, 1, 140.000000, 0, 0, 1, STOPPED, 11
0, 1, 140.000000, 0, 0, 1, STOPPED, 11
0, 1, 140.000000, 0, 0, 1, STOPPED, 11
0, 1, 140.000000, 0, 0, 1, STOPPED, 11
0, 1, 140.000000, 0, 0, 1, STOPPED, 11
0, 1, 140.000000, 0, 0, 1, STOPPED, 11
0, 0, 0.000000, 0, 0, 0, STOPPED, -1
endData