0.000000, 0.000000, 0.000000, 0.000000
0.000000, 0.000000, 0.000000, 0.000000
0.000000, 0.000000, 0.000000, 0.000000
0.000000, 0.000000, 0.000000, 3.000000
-0.000000, 0.006000, -0.057000, -6.000000
0.000000, 0.000000, 0.000000, 0.000000
0.000000, 0.000000, 0.000000, 0.000000
0.000000, 0.000000, 0.000000, 0.000000
-0.000000, 0.006000, -0.057000, 0.000000
-0.000000, 0.006000, -0.057000, -3.000000
-0.000000, -0.013000, 0.057000, 0.000000
-0.000000, -0.001000, -0.057000, 0.000000
-0.000000, -0.001000, -0.057000, 3.000000
-0.000000, -0.007000, 0.000000, 0.000000
-0.000000, -0.007000, 0.000000, 0.000000
-0.000000, -0.007000, 0.000000, 3.000000
-0.000000, -0.007000, 0.000000, 0.000000
-0.000000, -0.007000, 0.000000, -3.000000
-0.000000, -0.001000, -0.057000, 0.000000
-0.000000, -0.013000, 0.057000, 3.000000
-0.000000, -0.013000, 0.057000, 0.000000
-0.000000, -0.013000, 0.057000, 3.000000
-0.000000, -0.013000, 0.057000, 6.000000
-0.000000, -0.013000, 0.057000, 3.000000
-0.000000, -0.013000, 0.057000, 3.000000
-0.000000, -0.013000, 0.057000, -3.000000
-0.000000, -0.013000, 0.057000, 0.000000
-0.000000, -0.013000, 0.057000, 3.000000
-0.000000, -0.013000, 0.057000, -3.000000
-0.000000, -0.007000, 0.000000, -3.000000
-0.000000, -0.013000, 0.057000, -3.000000
-0.000000, -0.013000, 0.057000, 0.000000
-0.000000, -0.013000, 0.057000, 0.000000
-0.000000, -0.013000, 0.057000, -3.000000
-0.000000, -0.013000, 0.057000, -3.000000
-0.000000, -0.013000, 0.057000, 3.000000
-0.000000, -0.013000, 0.057000, -6.000000
-0.000000, -0.013000, 0.057000, 0.000000
-0.000000, -0.013000, 0.057000, 6.000000
-0.000000, -0.013000, 0.057000, -3.000000
-0.000000, -0.013000, 0.057000, -3.000000
-0.000000, -0.013000, 0.057000, -3.000000
-0.000000, -0.013000, 0.057000, 0.000000
-0.000000, -0.013000, 0.057000, 0.000000
-0.000000, -0.013000, 0.057000, 0.000000
-0.000000, -0.013000, 0.057000, -3.000000
-0.000000, -0.013000, 0.057000, 3.000000
-0.000000, -0.013000, 0.057000, -3.000000
-0.000000, -0.013000, 0.057000, -6.000000
-0.000000, -0.013000, 0.057000, -3.000000
-0.000000, -0.013000, 0.057000, 3.000000
-0.000000, -0.013000, 0.057000, 0.000000
-0.000000, -0.013000, 0.057000, 6.000000
-0.000000, -0.013000, 0.057000, -3.000000
-0.000000, -0.013000, 0.057000, 3.000000
-0.000000, -0.013000, 0.057000, 0.000000
-0.000000, -0.013000, 0.057000, 6.000000
-0.000000, -0.013000, 0.057000, 0.000000
-0.000000, -0.013000, 0.057000, 0.000000
-0.000000, -0.013000, 0.057000, 0.000000
-0.000000, -0.013000, 0.057000, 0.000000
-0.000000, -0.013000, 0.057000, 0.000000
-0.000000, -0.013000, 0.057000, -3.000000
-0.000000, -0.013000, 0.057000, 0.000000
-0.000000, -0.013000, 0.057000, -3.000000
-0.000000, -0.013000, 0.057000, -674.500000
-0.000000, -0.150000, 0.057000, -1004.000000
-0.000000, -0.202000, 0.000000, -964.000000
-0.000000, -0.237000, 0.057000, -958.000000
-0.000000, -0.272000, 0.115000, -955.000000
-0.000000, -0.300000, 0.115000, -954.500000
-0.000000, -0.322000, 0.115000, -951.500000
-0.000000, -0.320000, 0.229000, -998.000000
-0.001000, -0.351000, 0.516000, -1059.500000
-0.001000, -0.389000, 0.859000, -1247.500000
-0.001000, -0.408000, 1.031000, -1250.500000
-0.002000, -0.433000, 1.261000, -1259.500000
-0.003000, -0.484000, 1.662000, -1380.000000
-0.005000, -0.535000, 2.063000, -1253.500000
-0.008000, -0.612000, 2.578000, -1389.500000
-0.016000, -0.756000, 3.438000, -1617.000000
-0.028000, -0.936000, 4.297000, -1577.000000
-0.044000, -1.135000, 5.271000, -1626.000000
-0.077000, -1.445000, 6.875000, -1626.000000
-0.101000, -1.632000, 7.678000, -1642.000000
-0.138000, -1.880000, 9.053000, -1635.500000
-0.187000, -2.170000, 10.428000, -1654.000000
-0.228000, -2.378000, 11.516000, -1638.500000
-0.296000, -2.694000, 12.892000, -1780.000000
-0.364000, -2.978000, 13.923000, -1783.000000
-0.433000, -3.246000, 15.069000, -1789.500000
-0.531000, -3.592000, 16.387000, -1789.500000
-0.618000, -3.878000, 17.475000, -1678.500000
-0.695000, -4.116000, 18.449000, -1691.000000
-0.841000, -4.533000, 19.996000, -1807.500000
-0.955000, -4.840000, 21.085000, -1669.000000
-1.051000, -5.082000, 21.887000, -1666.000000
-1.218000, -5.481000, 23.606000, -1650.500000
-1.355000, -5.784000, 24.809000, -1617.000000
-1.473000, -6.034000, 25.955000, -1780.000000
-1.653000, -6.391000, 27.445000, -1663.000000
-1.816000, -6.698000, 28.648000, -1709.500000
-2.085000, -7.175000, 29.908000, -1749.500000
-2.261000, -7.477000, 30.539000, -1919.000000
-2.431000, -7.763000, 30.882000, -2020.500000
-2.619000, -8.077000, 30.940000, -2153.000000
-2.801000, -8.380000, 30.940000, -2159.000000
-2.989000, -8.695000, 30.940000, -2165.000000
-3.212000, -9.065000, 30.940000, -2168.000000
-3.415000, -9.406000, 30.882000, -2177.500000
-3.611000, -9.732000, 30.940000, -2177.500000
-3.863000, -10.152000, 30.940000, -2177.500000
-4.063000, -10.486000, 30.882000, -2180.500000
-4.314000, -10.906000, 30.882000, -2109.500000
-4.563000, -11.324000, 30.653000, -2180.500000
-4.808000, -11.741000, 30.138000, -2217.500000
-5.076000, -12.214000, 29.049000, -2232.500000
-5.264000, -12.559000, 28.361000, -2260.500000
-5.441000, -12.896000, 27.101000, -2239.000000
-5.698000, -13.413000, 25.726000, -2263.500000
-5.844000, -13.724000, 24.580000, -2257.500000
-6.024000, -14.127000, 23.549000, -2257.500000
-6.243000, -14.645000, 22.231000, -2101.000000
-6.388000, -15.010000, 21.085000, -2137.500000
-6.574000, -15.512000, 19.652000, -2134.500000
-6.704000, -15.889000, 18.163000, -2100.500000
-6.805000, -16.204000, 17.303000, -2202.000000
-6.956000, -16.713000, 16.100000, -2116.000000
-7.061000, -17.081000, 15.642000, -2119.000000
-7.150000, -17.402000, 15.470000, -2171.000000
-7.290000, -17.912000, 15.298000, -2110.000000
-7.398000, -18.308000, 15.298000, -2183.500000
-7.505000, -18.699000, 15.183000, -2122.000000
-7.650000, -19.242000, 14.668000, -2134.500000
-7.757000, -19.660000, 13.866000, -2149.500000
-7.829000, -19.964000, 12.834000, -2181.000000
-7.938000, -20.466000, 11.803000, -2023.500000
-8.013000, -20.836000, 11.173000, -1980.500000
-8.077000, -21.165000, 10.943000, -1962.000000
-8.163000, -21.612000, 10.829000, -1931.000000
-8.230000, -21.965000, 10.428000, -1956.000000
-8.288000, -22.294000, 9.855000, -1731.000000
-8.334000, -22.563000, 9.454000, -1617.000000
-8.374000, -22.809000, 9.167000, -1358.500000
-8.410000, -23.035000, 8.824000, -1133.500000
-8.435000, -23.195000, 8.594000, -1078.000000
-8.452000, -23.312000, 8.422000, -46.000000
-8.452000, -23.313000, 8.365000, -6.000000
-8.452000, -23.313000, 8.365000, 0.000000
-8.452000, -23.313000, 8.365000, 3.000000
-8.453000, -23.319000, 8.422000, 0.000000
-8.453000, -23.319000, 8.422000, 3.000000
-8.453000, -23.319000, 8.422000, -6.000000
-8.453000, -23.319000, 8.422000, -3.000000
-8.453000, -23.319000, 8.422000, 3.000000
-8.452000, -23.313000, 8.365000, 3.000000
-8.454000, -23.326000, 8.422000, -3.000000
-8.455000, -23.333000, 8.480000, -3.000000
-8.454000, -23.325000, 8.480000, 3.000000
-8.454000, -23.325000, 8.480000, -3.000000
-8.453000, -23.319000, 8.422000, -3.000000
-8.452000, -23.313000, 8.365000, 3.000000
-8.453000, -23.319000, 8.422000, 0.000000
-8.453000, -23.319000, 8.422000, 0.000000
-8.453000, -23.319000, 8.422000, -3.000000
-8.452000, -23.313000, 8.365000, -3.000000
-8.451000, -23.307000, 8.308000, -3.000000
-8.454000, -23.325000, 8.480000, 3.000000
-8.454000, -23.325000, 8.480000, 0.000000
-8.452000, -23.313000, 8.365000, 0.000000
-8.452000, -23.313000, 8.365000, -3.000000
-8.453000, -23.319000, 8.422000, -3.000000
-8.453000, -23.319000, 8.422000, 3.000000
-8.452000, -23.313000, 8.365000, 3.000000
-8.453000, -23.319000, 8.422000, -3.000000
-8.453000, -23.319000, 8.422000, 0.000000
-8.453000, -23.319000, 8.422000, -6.000000
-8.453000, -23.319000, 8.422000, -3.000000
-8.453000, -23.319000, 8.422000, -3.000000
-8.453000, -23.319000, 8.422000, 3.000000
-8.453000, -23.319000, 8.422000, 0.000000
-8.453000, -23.319000, 8.422000, -3.000000
-8.453000, -23.319000, 8.422000, 6.000000
-8.453000, -23.319000, 8.422000, -3.000000
-8.453000, -23.319000, 8.422000, 3.000000
-8.453000, -23.319000, 8.422000, 0.000000
-8.453000, -23.319000, 8.422000, 3.000000
-8.453000, -23.319000, 8.422000, 0.000000
-8.453000, -23.319000, 8.422000, 0.000000
-8.453000, -23.319000, 8.422000, 0.000000
-8.453000, -23.319000, 8.422000, 3.000000
-8.453000, -23.319000, 8.422000, 0.000000
-8.453000, -23.319000, 8.422000, 3.000000
-8.453000, -23.319000, 8.422000, 0.000000
-8.453000, -23.319000, 8.422000, 0.000000
-8.453000, -23.319000, 8.422000, 0.000000
-8.453000, -23.319000, 8.422000, 0.000000
-8.453000, -23.319000, 8.422000, 0.000000
-8.453000, -23.319000, 8.422000, 0.000000
-8.453000, -23.319000, 8.422000, 0.000000
-8.448000, -23.284000, 8.422000, -12.500000
-8.432000, -23.177000, 8.422000, -24.500000
-8.434000, -23.188000, 8.594000, -6.500000
-8.433000, -23.179000, 8.709000, -6.000000
-8.433000, -23.179000, 8.709000, -9.500000
-8.433000, -23.185000, 8.766000, -21.500000
-8.433000, -23.185000, 8.766000, -9.500000
-8.433000, -23.185000, 8.766000, -6.500000
-8.433000, -23.185000, 8.766000, -3.000000
-8.431000, -23.171000, 8.766000, 0.000000
-8.432000, -23.177000, 8.824000, -21.500000
-8.430000, -23.161000, 8.938000, 0.000000
-8.429000, -23.159000, 9.053000, 9.500000
-8.429000, -23.158000, 9.167000, 0.000000
-8.430000, -23.162000, 9.339000, -34.000000
-8.430000, -23.161000, 9.397000, -6.500000
-8.430000, -23.160000, 9.454000, -9.500000
-8.429000, -23.159000, 9.511000, -6.500000
-8.427000, -23.144000, 9.568000, -3.500000
-8.427000, -23.142000, 9.683000, -6.500000
-8.425000, -23.134000, 9.740000, -6.500000
-8.424000, -23.126000, 9.798000, -6.500000
-8.425000, -23.132000, 9.855000, -6.500000
-8.423000, -23.124000, 9.912000, -6.500000
-8.425000, -23.130000, 9.969000, -12.000000
-8.425000, -23.134000, 10.141000, -12.500000
-8.427000, -23.145000, 10.371000, -6.500000
-8.429000, -23.154000, 10.657000, -9.500000
-8.432000, -23.168000, 11.115000, -9.000000
-8.434000, -23.181000, 11.631000, -18.000000
-8.431000, -23.166000, 12.548000, -21.500000
-8.436000, -23.190000, 13.694000, -18.500000
-8.443000, -23.215000, 15.183000, -15.000000
-8.467000, -23.298000, 17.762000, -15.000000
-8.471000, -23.310000, 19.194000, -18.500000
-8.508000, -23.409000, 21.887000, -18.500000
-8.514000, -23.425000, 24.809000, -15.500000
-8.544000, -23.484000, 27.330000, -12.500000
-8.560000, -23.514000, 30.080000, -12.000000
-8.574000, -23.538000, 33.575000, -12.000000
-8.616000, -23.598000, 36.555000, -12.000000
-8.639000, -23.626000, 39.591000, -15.500000
-8.699000, -23.692000, 44.175000, -15.000000
-8.717000, -23.709000, 46.581000, -21.500000
-8.807000, -23.788000, 51.108000, -9.500000
-8.839000, -23.811000, 53.973000, -12.500000
-8.847000, -23.817000, 55.921000, -15.000000
-8.923000, -23.866000, 59.588000, -6.000000
-8.927000, -23.869000, 61.937000, -9.000000
-8.988000, -23.899000, 64.802000, -9.000000
-9.007000, -23.907000, 66.979000, -12.500000
-9.020000, -23.912000, 69.213000, -6.000000
-9.059000, -23.926000, 71.906000, -15.000000
-9.074000, -23.931000, 74.026000, -12.000000
-9.144000, -23.950000, 76.604000, -12.500000
-9.109000, -23.942000, 78.724000, -12.500000
-9.187000, -23.956000, 81.360000, -9.000000
-9.180000, -23.955000, 83.938000, -6.000000
-9.203000, -23.957000, 86.001000, -37.000000
-9.212000, -23.957000, 88.064000, -9.000000
-9.192000, -23.957000, 90.585000, -9.000000
-9.230000, -23.956000, 92.647000, -6.500000
-9.225000, -23.956000, 94.710000, -9.000000
-9.274000, -23.951000, 97.804000, -9.000000
-9.270000, -23.951000, 99.351000, -6.000000
-9.254000, -23.955000, 101.643000, -6.000000
-9.324000, -23.938000, 105.138000, -9.000000
-9.309000, -23.943000, 106.914000, -9.000000
-9.380000, -23.920000, 109.836000, -15.000000
-9.387000, -23.917000, 112.815000, -12.000000
-9.443000, -23.892000, 115.222000, -9.000000
-9.435000, -23.895000, 118.316000, -9.000000
-9.436000, -23.894000, 120.837000, -9.000000
-9.492000, -23.859000, 123.415000, -6.000000
-9.484000, -23.864000, 126.566000, -6.000000
-9.543000, -23.817000, 129.832000, -6.000000
-9.519000, -23.837000, 131.723000, -6.000000
-9.581000, -23.778000, 135.676000, -9.000000
-9.575000, -23.783000, 138.312000, -12.500000
-9.625000, -23.724000, 141.005000, -9.500000
-9.627000, -23.722000, 144.328000, -6.000000
-9.631000, -23.716000, 146.964000, -9.000000
-9.659000, -23.671000, 150.287000, -9.000000
-9.659000, -23.672000, 152.922000, -6.000000
-9.680000, -23.628000, 155.615000, -9.000000
-9.683000, -23.619000, 158.938000, -6.000000
-9.680000, -23.627000, 161.631000, -3.000000
-9.694000, -23.581000, 164.382000, -9.000000
-9.716000, -23.492000, 168.450000, -6.000000
-9.720000, -23.464000, 171.085000, -6.000000
-9.715000, -23.504000, 173.033000, -12.500000
-9.724000, -23.402000, 176.872000, -218.500000
-9.729000, -23.229000, 179.049000, 0.000000
-9.730000, -23.080000, 180.883000, 0.000000
-9.729000, -23.061000, 181.456000, 0.000000
-9.730000, -23.068000, 181.456000, 0.000000
-9.730000, -23.099000, 181.169000, 0.000000
-9.731000, -23.118000, 180.997000, 6.000000
-9.731000, -23.118000, 180.997000, 0.000000
-9.731000, -23.118000, 180.997000, 3.000000
-9.731000, -23.118000, 180.997000, -3.000000
-9.731000, -23.118000, 180.997000, 3.000000
-9.731000, -23.118000, 180.997000, 3.000000
-9.731000, -23.118000, 180.997000, 0.000000
-9.731000, -23.118000, 180.997000, 0.000000
-9.731000, -23.118000, 180.997000, 0.000000
-9.731000, -23.118000, 180.997000, 0.000000
-9.731000, -23.118000, 180.997000, 3.000000
-9.731000, -23.118000, 180.997000, 3.000000
-9.731000, -23.118000, 180.997000, 6.000000
-9.731000, -23.118000, 180.997000, -3.000000
-9.731000, -23.118000, 180.997000, 0.000000
-9.731000, -23.118000, 180.997000, 3.000000
-9.731000, -23.118000, 180.997000, 0.000000
-9.731000, -23.118000, 180.997000, -6.000000
-9.731000, -23.118000, 180.997000, 0.000000
-9.731000, -23.118000, 180.997000, 0.000000
-9.731000, -23.118000, 180.997000, 6.000000
-9.731000, -23.118000, 180.997000, 6.000000
-9.731000, -23.118000, 180.997000, -3.000000
-9.731000, -23.118000, 180.997000, 0.000000
-9.731000, -23.118000, 180.997000, 0.000000
-9.731000, -23.118000, 180.997000, 3.000000
-9.731000, -23.118000, 180.997000, 0.000000
-9.731000, -23.118000, 180.997000, -6.000000
-9.731000, -23.118000, 180.997000, 9.000000
-9.731000, -23.118000, 180.997000, -3.000000
-9.731000, -23.118000, 180.997000, -3.000000
-9.731000, -23.118000, 180.997000, 3.000000
-9.731000, -23.118000, 180.997000, 0.000000
-9.731000, -23.118000, 180.997000, 0.000000
-9.731000, -23.118000, 180.997000, 0.000000
-9.731000, -23.118000, 180.997000, -3.000000
-9.731000, -23.118000, 180.997000, 0.000000
-9.733000, -23.240000, 180.997000, 952.000000
-9.735000, -23.383000, 180.940000, 948.500000
-9.736000, -23.419000, 180.940000, 973.500000
-9.737000, -23.486000, 181.055000, 964.000000
-9.738000, -23.535000, 180.997000, 1047.500000
-9.739000, -23.593000, 180.997000, 1056.500000
-9.740000, -23.665000, 180.997000, 1146.000000
-9.741000, -23.731000, 181.112000, 1090.000000
-9.743000, -23.819000, 181.628000, 1096.500000
-9.746000, -23.919000, 182.029000, 1093.500000
-9.750000, -24.020000, 182.430000, 1099.500000
-9.758000, -24.175000, 183.117000, 1105.500000
-9.764000, -24.286000, 183.748000, 1096.500000
-9.770000, -24.370000, 184.492000, 1146.000000
-9.782000, -24.513000, 185.352000, 1244.500000
-9.794000, -24.635000, 185.810000, 1216.500000
-9.805000, -24.738000, 185.982000, 1225.500000
-9.822000, -24.903000, 185.982000, 1216.500000
-9.836000, -25.038000, 185.925000, 1293.500000
-9.854000, -25.204000, 185.982000, 1386.000000
-9.870000, -25.355000, 186.039000, 1429.000000
-9.887000, -25.514000, 186.097000, 1429.000000
-9.907000, -25.701000, 186.154000, 1506.000000
-9.925000, -25.873000, 186.211000, 1567.500000
-9.946000, -26.060000, 186.211000, 1577.000000
-9.971000, -26.295000, 186.154000, 1570.500000
-9.992000, -26.489000, 186.211000, 1577.000000
-10.016000, -26.705000, 186.269000, 1586.500000
-10.042000, -26.941000, 186.269000, 1580.000000
-10.065000, -27.155000, 186.211000, 1580.000000
-10.089000, -27.376000, 186.211000, 1589.500000
-10.117000, -27.633000, 186.154000, 1589.500000
-10.144000, -27.884000, 186.154000, 1589.500000
-10.168000, -28.107000, 186.211000, 1595.500000
-10.201000, -28.407000, 186.211000, 1598.500000
-10.229000, -28.665000, 186.211000, 1589.500000
-10.265000, -28.994000, 186.211000, 1503.000000
-10.288000, -29.203000, 186.326000, 1568.000000
-10.321000, -29.494000, 186.612000, 1571.000000
-10.363000, -29.836000, 187.414000, 1592.500000
-10.393000, -30.059000, 187.930000, 1586.000000
-10.444000, -30.392000, 189.133000, 1586.000000
-10.488000, -30.654000, 189.993000, 1592.000000
-10.542000, -30.942000, 191.139000, 1586.000000
-10.586000, -31.160000, 191.998000, 1629.500000
-10.640000, -31.409000, 192.571000, 1605.000000
-10.704000, -31.689000, 192.972000, 1598.500000
-10.760000, -31.929000, 193.087000, 1598.500000
-10.815000, -32.168000, 193.087000, 1601.500000
-10.888000, -32.477000, 193.144000, 1598.500000
-10.943000, -32.715000, 193.144000, 1601.500000
-11.022000, -33.052000, 193.144000, 1601.500000
-11.074000, -33.276000, 193.144000, 1595.500000
-11.138000, -33.550000, 193.144000, 1601.500000
-11.213000, -33.872000, 193.144000, 1604.500000
-11.266000, -34.097000, 193.144000, 1598.500000
-11.325000, -34.349000, 193.144000, 1604.500000
-11.402000, -34.679000, 193.201000, 1601.500000
-11.442000, -34.849000, 193.259000, 1580.000000
-11.479000, -35.007000, 193.087000, 1577.000000
-11.532000, -35.239000, 192.686000, 1604.500000
-11.579000, -35.452000, 192.399000, 1583.000000
-11.640000, -35.734000, 191.998000, 1509.000000
-11.714000, -36.087000, 191.597000, 1592.500000
-11.763000, -36.335000, 191.196000, 1623.500000
-11.838000, -36.718000, 190.852000, 1459.500000
-11.875000, -36.912000, 190.623000, 1580.000000
-11.904000, -37.070000, 190.337000, 1583.000000
-11.943000, -37.289000, 189.821000, 1568.000000
-11.985000, -37.539000, 189.076000, 1614.000000
-12.016000, -37.737000, 188.560000, 1620.000000
-12.065000, -38.087000, 187.300000, 1626.000000
-12.094000, -38.330000, 186.383000, 1607.500000
-12.115000, -38.533000, 185.696000, 1614.000000
-12.145000, -38.874000, 184.206000, 1546.000000
-12.160000, -39.116000, 183.175000, 1607.500000
-12.171000, -39.344000, 182.201000, 1601.500000
-12.179000, -39.648000, 180.997000, 1610.500000
-12.181000, -39.878000, 180.081000, 1604.500000
-12.178000, -40.182000, 178.877000, 1617.000000
-12.171000, -40.426000, 177.961000, 1607.500000
-12.159000, -40.695000, 176.872000, 1610.500000
-12.144000, -40.946000, 175.955000, 1607.500000
-12.124000, -41.186000, 174.867000, 1604.500000
-12.103000, -41.403000, 174.122000, 1601.500000
-12.073000, -41.674000, 173.148000, 1610.500000
-12.043000, -41.911000, 172.403000, 1611.000000
-12.012000, -42.134000, 171.658000, 1592.500000
-11.968000, -42.417000, 170.684000, 1617.000000
-11.927000, -42.659000, 169.825000, 1607.500000
-11.883000, -42.891000, 168.908000, 1620.000000
-11.824000, -43.176000, 167.762000, 1617.000000
-11.763000, -43.444000, 166.559000, 1617.000000
-11.705000, -43.680000, 165.585000, 1614.000000
-11.623000, -43.984000, 164.152000, 1617.000000
-11.555000, -44.213000, 162.949000, 1623.000000
-11.464000, -44.496000, 161.345000, 1534.000000
-11.391000, -44.702000, 159.741000, 1454.000000
-11.306000, -44.921000, 157.850000, 1497.000000
-11.189000, -45.191000, 155.157000, 1453.500000
-11.079000, -45.415000, 152.865000, 1407.500000
-10.961000, -45.635000, 150.573000, 1284.000000
-10.777000, -45.941000, 147.307000, 1106.000000
-10.691000, -46.071000, 145.875000, 105.000000
-10.557000, -46.262000, 143.870000, 3.000000
-10.457000, -46.395000, 142.609000, 0.000000
-10.430000, -46.431000, 142.323000, 3.000000
-10.433000, -46.426000, 142.380000, 6.000000
-10.441000, -46.416000, 142.495000, 0.000000
-10.441000, -46.416000, 142.495000, 3.000000
-10.437000, -46.422000, 142.495000, 0.000000
-10.437000, -46.422000, 142.495000, 0.000000
-10.437000, -46.422000, 142.495000, 3.000000
-10.437000, -46.422000, 142.495000, -3.000000
-10.437000, -46.422000, 142.495000, 0.000000
-10.437000, -46.422000, 142.495000, 3.000000
-10.437000, -46.422000, 142.495000, 3.000000
-10.437000, -46.422000, 142.495000, -3.000000
-10.437000, -46.422000, 142.495000, 0.000000
-10.437000, -46.422000, 142.495000, 0.000000
-10.437000, -46.422000, 142.495000, -3.000000
-10.437000, -46.422000, 142.495000, 3.000000
-10.437000, -46.422000, 142.495000, -3.000000
-10.437000, -46.422000, 142.495000, 3.000000
-10.437000, -46.422000, 142.495000, 0.000000
-10.437000, -46.422000, 142.495000, 0.000000
-10.437000, -46.422000, 142.495000, 0.000000
-10.437000, -46.422000, 142.495000, -3.000000
-10.437000, -46.422000, 142.495000, 3.000000
-10.437000, -46.422000, 142.495000, 3.000000
-10.437000, -46.422000, 142.495000, 0.000000
-10.437000, -46.422000, 142.495000, 3.000000
-10.437000, -46.422000, 142.495000, -6.000000
-10.437000, -46.422000, 142.495000, 0.000000
-10.437000, -46.422000, 142.495000, 3.000000
-10.437000, -46.422000, 142.495000, 0.000000
-10.437000, -46.422000, 142.495000, 0.000000
-10.437000, -46.422000, 142.495000, 0.000000
-10.437000, -46.422000, 142.495000, -3.000000
-10.437000, -46.422000, 142.495000, 0.000000
-10.437000, -46.422000, 142.495000, 0.000000
-10.437000, -46.422000, 142.495000, 3.000000
-10.437000, -46.422000, 142.495000, 0.000000
-10.437000, -46.422000, 142.495000, -3.000000
-10.437000, -46.422000, 142.495000, 0.000000
-10.437000, -46.422000, 142.495000, 0.000000
-10.437000, -46.422000, 142.495000, 0.000000
-10.437000, -46.422000, 142.495000, -3.000000
-10.437000, -46.422000, 142.495000, -3.000000
-10.437000, -46.422000, 142.495000, 0.000000
-10.437000, -46.422000, 142.495000, -6.000000
-10.437000, -46.422000, 142.495000, 0.000000
-10.437000, -46.422000, 142.495000, 3.000000
-10.437000, -46.422000, 142.495000, -3.000000
-10.437000, -46.422000, 142.495000, -6.000000
-10.437000, -46.422000, 142.495000, 6.000000
-10.437000, -46.422000, 142.495000, 3.000000
-10.437000, -46.422000, 142.495000, 3.000000
-10.437000, -46.422000, 142.495000, -3.000000
-10.437000, -46.422000, 142.495000, 0.000000
-10.437000, -46.422000, 142.495000, -3.000000
-10.437000, -46.422000, 142.495000, 0.000000
-10.437000, -46.422000, 142.495000, 0.000000
-10.437000, -46.422000, 142.495000, 0.000000
-10.437000, -46.422000, 142.495000, -3.000000
-10.437000, -46.422000, 142.495000, 3.000000
-10.437000, -46.422000, 142.495000, -3.000000
-10.437000, -46.422000, 142.495000, 3.000000
-10.437000, -46.422000, 142.495000, 0.000000
-10.437000, -46.422000, 142.495000, 0.000000
-10.437000, -46.422000, 142.495000, 3.000000
-10.437000, -46.422000, 142.495000, 0.000000
-10.437000, -46.422000, 142.495000, 3.000000
-10.437000, -46.422000, 142.495000, 0.000000
-10.437000, -46.422000, 142.495000, 0.000000
-10.437000, -46.422000, 142.495000, 3.000000
-10.437000, -46.422000, 142.495000, -3.000000
-10.437000, -46.422000, 142.495000, -3.000000
-10.437000, -46.422000, 142.495000, -3.000000
-10.437000, -46.422000, 142.495000, 3.000000
-10.437000, -46.422000, 142.495000, -3.000000
-10.437000, -46.422000, 142.495000, 0.000000
-10.437000, -46.422000, 142.495000, 3.000000
-10.437000, -46.422000, 142.495000, 0.000000
-10.437000, -46.422000, 142.495000, -3.000000
-10.437000, -46.422000, 142.495000, 0.000000
-10.437000, -46.422000, 142.495000, -3.000000
-10.437000, -46.422000, 142.495000, -6.000000
-10.437000, -46.422000, 142.495000, 0.000000
-10.437000, -46.422000, 142.495000, -3.000000
-10.437000, -46.422000, 142.495000, 3.000000
-10.440000, -46.417000, 142.552000, 6.000000
-10.440000, -46.417000, 142.552000, 0.000000
-10.440000, -46.417000, 142.552000, 0.000000
-10.440000, -46.417000, 142.552000, 0.000000
-10.440000, -46.417000, 142.552000, -3.000000
-10.440000, -46.417000, 142.552000, 0.000000
-10.440000, -46.417000, 142.552000, 3.000000
-10.440000, -46.417000, 142.552000, 573.000000
-10.370000, -46.508000, 142.552000, 908.500000
-10.274000, -46.634000, 142.552000, 930.000000
-10.261000, -46.651000, 142.552000, 927.000000
-10.234000, -46.686000, 142.609000, 939.000000
-10.204000, -46.726000, 142.609000, 936.000000
-10.186000, -46.749000, 142.609000, 936.500000
-10.164000, -46.779000, 142.666000, 1028.500000
-10.151000, -46.796000, 142.666000, 1044.000000
-10.108000, -46.852000, 142.552000, 1155.000000
-10.104000, -46.857000, 142.552000, 1112.000000
-10.085000, -46.882000, 142.265000, 1105.500000
-10.073000, -46.897000, 142.094000, 1106.000000
-10.058000, -46.917000, 141.864000, 1112.000000
-9.986000, -47.007000, 141.463000, 1149.000000
-9.931000, -47.076000, 141.120000, 1139.500000
-9.863000, -47.159000, 140.661000, 1130.000000
-9.768000, -47.274000, 140.088000, 1084.000000
-9.704000, -47.349000, 139.515000, 1133.500000
-9.641000, -47.423000, 138.885000, 1127.000000
-9.545000, -47.531000, 138.026000, 1087.000000
-9.488000, -47.594000, 137.510000, 1115.000000
-9.375000, -47.715000, 136.650000, 1078.000000
-9.290000, -47.805000, 136.307000, 1124.000000
-9.183000, -47.917000, 136.077000, 1198.000000
-9.095000, -48.007000, 135.848000, 1176.500000
-9.003000, -48.102000, 135.562000, 1201.500000
-8.845000, -48.262000, 135.218000, 1226.000000
-8.727000, -48.381000, 134.932000, 1201.000000
-8.622000, -48.485000, 134.702000, 1188.500000
-8.524000, -48.582000, 134.359000, 1201.000000
-8.409000, -48.692000, 133.958000, 1186.000000
-8.271000, -48.824000, 133.327000, 1179.500000
-8.122000, -48.964000, 132.640000, 1173.000000
-7.991000, -49.083000, 132.009000, 1170.000000
-7.870000, -49.191000, 131.379000, 1173.000000
-7.702000, -49.336000, 130.405000, 1167.500000
-7.591000, -49.429000, 129.603000, 1210.000000
-7.410000, -49.577000, 128.916000, 1192.000000
-7.148000, -49.786000, 128.285000, 1170.500000
-7.048000, -49.865000, 128.171000, 1149.000000
-6.958000, -49.936000, 128.171000, 1170.500000
-6.844000, -50.025000, 128.171000, 1170.500000
-6.726000, -50.118000, 128.113000, 1133.500000
-6.623000, -50.199000, 128.228000, 1204.500000
-6.574000, -50.237000, 128.056000, 1395.500000
-6.473000, -50.316000, 127.941000, 1413.500000
-6.317000, -50.438000, 128.171000, 1610.500000
-6.227000, -50.509000, 128.171000, 1617.000000
-6.092000, -50.615000, 128.113000, 1826.500000
-5.905000, -50.762000, 128.113000, 1848.000000
-5.759000, -50.875000, 127.941000, 1838.500000
-5.578000, -51.017000, 127.941000, 1845.000000
-5.332000, -51.209000, 128.056000, 1857.500000
-5.152000, -51.350000, 127.999000, 1854.000000
-4.954000, -51.504000, 127.941000, 1863.500000
-4.663000, -51.732000, 128.056000, 1863.500000
-4.469000, -51.883000, 128.113000, 1848.000000
-4.185000, -52.107000, 128.228000, 1854.000000
-3.959000, -52.285000, 128.228000, 1851.000000
-3.744000, -52.454000, 128.228000, 1851.000000
-3.455000, -52.682000, 128.285000, 1755.500000
-3.262000, -52.834000, 128.285000, 1912.500000
-3.103000, -52.959000, 127.941000, 1866.500000
-2.849000, -53.155000, 127.311000, 1854.500000
-2.627000, -53.323000, 126.738000, 1842.000000
-2.419000, -53.477000, 126.280000, 1848.000000
-2.099000, -53.707000, 125.249000, 1805.000000
-1.825000, -53.899000, 124.618000, 1792.500000
-1.591000, -54.058000, 123.873000, 1691.000000
-1.144000, -54.353000, 123.186000, 1423.000000
-0.858000, -54.539000, 122.899000, 1309.000000
-0.610000, -54.700000, 122.899000, 1287.500000
-0.441000, -54.809000, 122.899000, 1290.500000
-0.253000, -54.931000, 122.957000, 1275.000000
-0.065000, -55.053000, 123.014000, 1223.000000
0.073000, -55.143000, 122.957000, 1275.000000
0.223000, -55.240000, 122.899000, 1290.500000
0.393000, -55.350000, 122.957000, 1312.000000
0.531000, -55.439000, 122.899000, 1260.000000
0.616000, -55.494000, 122.899000, 1315.000000
0.748000, -55.579000, 122.785000, 1262.500000
0.863000, -55.653000, 122.785000, 1275.000000
0.941000, -55.704000, 122.785000, 1176.500000
1.046000, -55.771000, 122.899000, 1266.000000
1.154000, -55.841000, 122.842000, 1201.000000
1.274000, -55.919000, 122.785000, 1278.500000
1.347000, -55.965000, 122.785000, 1269.000000
1.443000, -56.028000, 122.785000, 1204.000000
1.589000, -56.122000, 122.842000, 1278.000000
1.669000, -56.173000, 122.899000, 1275.000000
1.772000, -56.240000, 122.899000, 1281.500000
1.904000, -56.325000, 122.842000, 1272.000000
1.995000, -56.384000, 122.842000, 1284.500000
2.085000, -56.442000, 122.842000, 1290.500000
2.219000, -56.529000, 122.899000, 1386.000000
2.304000, -56.584000, 122.899000, 1392.500000
2.406000, -56.650000, 122.899000, 1377.000000
2.557000, -56.747000, 122.842000, 1389.000000
2.660000, -56.814000, 122.842000, 1383.000000
2.769000, -56.884000, 122.842000, 1386.000000
2.938000, -56.993000, 122.842000, 1398.000000
3.035000, -57.056000, 122.842000, 1386.000000
3.209000, -57.168000, 122.785000, 1389.000000
3.337000, -57.251000, 122.842000, 1389.000000
3.452000, -57.325000, 122.842000, 1392.000000
3.634000, -57.442000, 122.842000, 1395.500000
3.772000, -57.531000, 122.785000, 1392.000000
3.887000, -57.605000, 122.785000, 1395.500000
4.075000, -57.727000, 122.842000, 1404.500000
4.227000, -57.825000, 122.899000, 1398.500000
4.348000, -57.903000, 122.899000, 1395.500000
4.543000, -58.030000, 123.014000, 1395.000000
4.670000, -58.112000, 123.014000, 1389.000000
4.833000, -58.218000, 123.014000, 1392.000000
4.959000, -58.300000, 122.957000, 1395.500000
5.092000, -58.386000, 122.957000, 1389.000000
5.243000, -58.484000, 122.957000, 1398.500000
5.376000, -58.570000, 122.957000, 1386.000000
5.503000, -58.653000, 123.014000, 1395.500000
5.642000, -58.743000, 123.014000, 1389.000000
5.781000, -58.833000, 123.014000, 1398.500000
5.914000, -58.919000, 123.014000, 1380.000000
6.065000, -59.017000, 123.014000, 1389.500000
6.198000, -59.104000, 123.014000, 1395.500000
6.361000, -59.210000, 123.014000, 1287.500000
6.475000, -59.284000, 123.014000, 1290.500000
6.609000, -59.371000, 123.071000, 1287.500000
6.765000, -59.472000, 123.014000, 1287.500000
6.874000, -59.543000, 123.014000, 1293.500000
6.989000, -59.618000, 123.014000, 1281.500000
7.152000, -59.724000, 123.071000, 1278.500000
7.237000, -59.779000, 123.071000, 1278.000000
7.369000, -59.866000, 123.071000, 1281.500000
7.502000, -59.952000, 123.071000, 1195.000000
7.593000, -60.011000, 123.071000, 961.000000
7.647000, -60.046000, 123.071000, 18.000000
7.652000, -60.050000, 123.014000, 0.000000
7.652000, -60.050000, 123.014000, 3.000000
7.658000, -60.054000, 123.014000, 0.000000
7.658000, -60.054000, 123.014000, 0.000000
7.658000, -60.054000, 123.014000, 0.000000
7.658000, -60.054000, 123.014000, -3.000000
7.658000, -60.054000, 123.014000, 0.000000
7.658000, -60.054000, 123.014000, 0.000000
7.658000, -60.054000, 123.014000, -3.000000
7.658000, -60.054000, 123.014000, 3.000000
7.658000, -60.054000, 123.014000, 0.000000
7.658000, -60.054000, 123.014000, 0.000000
7.658000, -60.054000, 123.014000, 6.000000
7.658000, -60.054000, 123.014000, -3.000000
7.658000, -60.054000, 123.014000, 3.000000
7.658000, -60.054000, 123.014000, -6.000000
7.658000, -60.054000, 123.014000, 0.000000
7.658000, -60.054000, 123.014000, 0.000000
7.658000, -60.054000, 123.014000, 0.000000
7.658000, -60.054000, 123.014000, -3.000000
7.658000, -60.054000, 123.014000, 3.000000
7.586000, -60.007000, 123.014000, -979.500000
7.483000, -59.940000, 123.014000, -921.000000
7.465000, -59.928000, 123.014000, -995.000000
7.417000, -59.897000, 123.014000, -1053.500000
7.368000, -59.865000, 123.014000, -1290.500000
7.284000, -59.810000, 123.014000, -1404.500000
7.211000, -59.763000, 123.014000, -1417.000000
7.139000, -59.716000, 123.014000, -1404.500000
7.018000, -59.638000, 123.014000, -1407.500000
6.934000, -59.583000, 123.014000, -1444.500000
6.869000, -59.541000, 123.129000, -1456.500000
6.765000, -59.472000, 123.415000, -1460.000000
6.643000, -59.392000, 123.759000, -1466.500000
6.563000, -59.338000, 123.988000, -1457.000000
6.413000, -59.236000, 124.332000, -1478.500000
6.257000, -59.129000, 124.676000, -1536.500000
6.114000, -59.029000, 125.019000, -1478.500000
5.899000, -58.877000, 125.592000, -1481.500000
5.719000, -58.747000, 126.108000, -1740.000000
5.485000, -58.574000, 126.796000, -1749.500000
5.290000, -58.427000, 127.311000, -1752.500000
5.085000, -58.270000, 127.770000, -1749.500000
4.861000, -58.094000, 128.400000, -1755.500000
4.638000, -57.916000, 128.973000, -1761.500000
4.422000, -57.739000, 129.488000, -1758.500000
4.174000, -57.533000, 130.061000, -1764.500000
3.960000, -57.352000, 130.520000, -1771.000000
3.736000, -57.159000, 130.921000, -1801.500000
3.500000, -56.952000, 131.551000, -1863.500000
3.272000, -56.748000, 132.181000, -1832.500000
3.052000, -56.546000, 132.812000, -2298.000000
2.708000, -56.222000, 133.843000, -2384.000000
2.414000, -55.935000, 134.702000, -2350.000000
2.046000, -55.562000, 136.077000, -2384.000000
1.830000, -55.335000, 136.765000, -2393.500000
1.555000, -55.037000, 137.911000, -2387.000000
1.214000, -54.652000, 139.000000, -2399.500000
0.980000, -54.378000, 139.859000, -2393.500000
0.726000, -54.073000, 140.661000, -2396.500000
0.384000, -53.648000, 141.635000, -2455.000000
0.145000, -53.341000, 142.495000, -2402.500000
-0.100000, -53.018000, 143.239000, -2359.500000
-0.432000, -52.564000, 144.443000, -2411.500000
-0.647000, -52.260000, 145.016000, -2414.500000
-0.914000, -51.874000, 145.818000, -2488.500000
-1.243000, -51.378000, 146.849000, -2436.000000
-1.457000, -51.048000, 147.422000, -2417.500000
-1.712000, -50.641000, 148.396000, -2417.500000
-2.015000, -50.138000, 149.485000, -2454.500000
-2.228000, -49.770000, 150.344000, -2368.500000
-2.503000, -49.277000, 151.433000, -2387.000000
-2.726000, -48.858000, 152.349000, -2451.500000
-2.910000, -48.500000, 153.266000, -2365.500000
-3.168000, -47.975000, 154.412000, -2436.000000
-3.391000, -47.496000, 155.558000, -2414.500000
-3.577000, -47.076000, 156.532000, -2411.500000
-3.762000, -46.638000, 157.793000, -2417.500000
-3.956000, -46.151000, 158.767000, -2368.500000
-4.126000, -45.698000, 159.970000, -2408.500000
-4.285000, -45.251000, 160.887000, -2414.500000
-4.455000, -44.744000, 162.090000, -2414.500000
-4.607000, -44.258000, 163.064000, -2427.000000
-4.785000, -43.657000, 163.866000, -2532.000000
-4.945000, -43.093000, 164.553000, -2420.500000
-5.060000, -42.673000, 164.783000, -2414.500000
-5.213000, -42.111000, 164.840000, -2415.000000
-5.309000, -41.755000, 164.783000, -2415.000000
-5.434000, -41.296000, 164.725000, -2421.000000
-5.586000, -40.740000, 164.725000, -2415.000000
-5.692000, -40.351000, 164.668000, -2412.000000
-5.807000, -39.934000, 164.668000, -2415.000000
-5.965000, -39.357000, 164.611000, -2424.000000
-6.069000, -38.982000, 164.611000, -2427.000000
-6.195000, -38.522000, 164.496000, -2467.000000
-6.366000, -37.913000, 164.095000, -2399.000000
-6.479000, -37.524000, 163.579000, -2421.000000
-6.624000, -37.039000, 163.006000, -2414.500000
-6.808000, -36.458000, 161.861000, -2482.500000
-6.932000, -36.085000, 161.173000, -2418.000000
-7.130000, -35.528000, 159.798000, -2473.000000
-7.287000, -35.115000, 158.767000, -2485.500000
-7.424000, -34.770000, 157.678000, -2414.500000
-7.661000, -34.211000, 156.188000, -2405.500000
-7.851000, -33.793000, 154.985000, -2405.500000
-8.021000, -33.437000, 153.782000, -2455.000000
-8.287000, -32.915000, 152.292000, -2411.500000
-8.505000, -32.511000, 151.089000, -2411.500000
-8.681000, -32.200000, 149.943000, -2405.500000
-8.979000, -31.699000, 148.224000, -2377.500000
-9.228000, -31.305000, 147.078000, -2405.000000
-9.442000, -30.981000, 146.219000, -2411.500000
-9.773000, -30.503000, 144.557000, -2414.500000
-10.046000, -30.127000, 143.469000, -2411.500000
-10.337000, -29.743000, 142.208000, -2396.500000
-10.655000, -29.340000, 141.177000, -2036.000000
-10.913000, -29.026000, 140.146000, -1475.000000
-11.288000, -28.594000, 136.020000, -9.500000
-11.366000, -28.513000, 135.333000, 0.000000
-11.389000, -28.490000, 135.103000, -6.000000
-11.409000, -28.471000, 135.161000, 0.000000
-11.413000, -28.467000, 135.275000, -3.000000
-11.417000, -28.462000, 135.333000, 3.000000
-11.417000, -28.462000, 135.333000, 0.000000
-11.417000, -28.462000, 135.333000, 0.000000
-11.417000, -28.462000, 135.333000, 0.000000
-11.417000, -28.462000, 135.333000, -3.000000
-11.417000, -28.462000, 135.333000, -6.000000
-11.417000, -28.462000, 135.333000, 0.000000
-11.417000, -28.462000, 135.333000, 6.000000
-11.417000, -28.462000, 135.333000, -3.000000
-11.417000, -28.462000, 135.333000, -3.000000
-11.417000, -28.462000, 135.333000, 0.000000
-11.417000, -28.462000, 135.333000, -3.000000
-11.417000, -28.462000, 135.333000, 0.000000
-11.417000, -28.462000, 135.333000, 6.000000
-11.417000, -28.462000, 135.333000, 3.000000
-11.417000, -28.462000, 135.333000, 0.000000
-11.417000, -28.462000, 135.333000, 0.000000
-11.417000, -28.462000, 135.333000, -3.000000
-11.417000, -28.462000, 135.333000, 0.000000
-11.417000, -28.462000, 135.333000, 0.000000
-11.417000, -28.462000, 135.333000, 0.000000
-11.417000, -28.462000, 135.333000, -3.000000
-11.417000, -28.462000, 135.333000, 3.000000
-11.417000, -28.462000, 135.333000, -3.000000
-11.417000, -28.462000, 135.333000, 0.000000
-11.417000, -28.462000, 135.333000, 0.000000
-11.417000, -28.462000, 135.333000, 0.000000
-11.417000, -28.462000, 135.333000, 0.000000
-11.417000, -28.462000, 135.333000, -3.000000
-11.417000, -28.462000, 135.333000, 0.000000
-11.417000, -28.462000, 135.333000, 0.000000
-11.417000, -28.462000, 135.333000, -3.000000
-11.417000, -28.462000, 135.333000, -3.000000
-11.417000, -28.462000, 135.333000, 3.000000
-11.417000, -28.462000, 135.333000, 0.000000
-11.417000, -28.462000, 135.333000, -3.000000
-11.417000, -28.462000, 135.333000, 6.000000
-11.421000, -28.458000, 135.390000, -3.000000
-11.417000, -28.462000, 135.333000, 976.500000
-11.404000, -28.476000, 135.161000, 1146.000000
-11.385000, -28.495000, 135.046000, 1226.000000
-11.355000, -28.525000, 134.989000, 1281.000000
-11.305000, -28.574000, 134.874000, 1287.000000
-11.261000, -28.618000, 134.760000, 1361.500000
-11.196000, -28.682000, 134.588000, 1296.500000
-11.132000, -28.745000, 134.359000, 1303.000000
-11.068000, -28.808000, 134.129000, 1302.500000
-10.988000, -28.885000, 133.843000, 1521.500000
-10.843000, -29.023000, 133.385000, 1537.000000
-10.732000, -29.127000, 132.984000, 1537.000000
-10.560000, -29.285000, 132.296000, 1540.000000
-10.447000, -29.388000, 131.952000, 1537.000000
-10.316000, -29.505000, 131.666000, 1709.500000
-10.102000, -29.693000, 131.093000, 1654.000000
-9.811000, -29.946000, 130.864000, 1672.500000
-9.676000, -30.063000, 130.806000, 1841.500000
-9.452000, -30.256000, 130.864000, 1952.500000
-9.266000, -30.417000, 130.921000, 2085.500000
-9.087000, -30.572000, 130.864000, 2110.000000
-8.788000, -30.831000, 130.864000, 2183.500000
-8.554000, -31.033000, 130.806000, 2165.000000
-8.346000, -31.213000, 130.864000, 2131.500000
-8.025000, -31.491000, 130.921000, 2186.500000
-7.774000, -31.709000, 130.978000, 2097.500000
-7.572000, -31.884000, 131.035000, 2107.000000
-7.235000, -32.177000, 131.035000, 2094.500000
-6.969000, -32.409000, 131.035000, 2152.500000
-6.741000, -32.607000, 131.035000, 2113.000000
-6.393000, -32.910000, 131.035000, 2109.500000
-6.133000, -33.137000, 131.035000, 2116.000000
-5.916000, -33.325000, 130.978000, 2211.500000
-5.631000, -33.572000, 130.692000, 2291.500000
-5.347000, -33.815000, 130.233000, 2208.500000
-5.055000, -34.059000, 129.718000, 2208.000000
-4.743000, -34.315000, 128.916000, 2248.500000
-4.448000, -34.550000, 128.228000, 2236.000000
-4.101000, -34.819000, 127.311000, 2214.500000
-3.767000, -35.070000, 126.509000, 2239.500000
-3.361000, -35.365000, 125.478000, 2202.500000
-3.072000, -35.567000, 124.618000, 2174.500000
-2.744000, -35.791000, 123.816000, 2202.000000
-2.255000, -36.110000, 122.556000, 2134.500000
-1.872000, -36.353000, 122.097000, 2137.500000
-1.391000, -36.651000, 121.467000, 2112.500000
-1.068000, -36.848000, 121.295000, 2109.500000
-0.798000, -37.012000, 121.238000, 2134.500000
-0.404000, -37.251000, 121.238000, 2202.500000
-0.090000, -37.441000, 121.238000, 2156.000000
0.187000, -37.609000, 121.238000, 2113.000000
0.611000, -37.867000, 121.238000, 2103.500000
0.950000, -38.072000, 121.238000, 2115.500000
1.220000, -38.236000, 121.181000, 2119.000000
1.652000, -38.497000, 121.238000, 2101.000000
1.949000, -38.678000, 121.352000, 1589.000000
2.276000, -38.878000, 121.467000, 1244.000000
2.498000, -39.014000, 121.524000, 1013.000000
2.616000, -39.086000, 121.582000, 12.000000
2.763000, -39.176000, 121.582000, 3.000000
2.859000, -39.235000, 121.467000, 0.000000
2.939000, -39.284000, 121.467000, 3.000000
2.940000, -39.285000, 121.524000, 3.000000
2.945000, -39.288000, 121.467000, 6.000000
2.940000, -39.285000, 121.524000, -3.000000
2.940000, -39.285000, 121.524000, 0.000000
2.940000, -39.285000, 121.524000, 3.000000
2.940000, -39.285000, 121.524000, 3.000000
2.940000, -39.285000, 121.524000, 0.000000
2.929000, -39.278000, 121.639000, -3.000000
2.951000, -39.291000, 121.410000, 0.000000
2.956000, -39.295000, 121.352000, 3.000000
2.945000, -39.288000, 121.467000, 3.000000
2.935000, -39.281000, 121.582000, 0.000000
2.940000, -39.285000, 121.524000, 0.000000
2.945000, -39.288000, 121.467000, 0.000000
2.945000, -39.288000, 121.467000, 3.000000
2.940000, -39.285000, 121.524000, -3.000000
2.935000, -39.281000, 121.582000, 3.000000
2.940000, -39.285000, 121.524000, 3.000000
2.940000, -39.285000, 121.524000, 3.000000
2.940000, -39.285000, 121.524000, 0.000000
2.940000, -39.285000, 121.524000, 0.000000
2.940000, -39.285000, 121.524000, 0.000000
2.935000, -39.281000, 121.582000, 0.000000
2.935000, -39.281000, 121.582000, 0.000000
2.940000, -39.285000, 121.524000, -3.000000
2.935000, -39.281000, 121.582000, 3.000000
2.935000, -39.281000, 121.582000, 0.000000
2.940000, -39.285000, 121.524000, -3.000000
2.935000, -39.281000, 121.582000, 3.000000
2.940000, -39.285000, 121.524000, 0.000000
2.935000, -39.281000, 121.582000, 6.000000
2.935000, -39.281000, 121.582000, -3.000000
2.935000, -39.281000, 121.582000, -3.000000
2.935000, -39.281000, 121.582000, 6.000000
2.940000, -39.285000, 121.524000, 0.000000
2.935000, -39.281000, 121.582000, 6.000000
2.940000, -39.285000, 121.524000, 0.000000
2.935000, -39.281000, 121.582000, 0.000000
2.935000, -39.281000, 121.582000, 0.000000
2.935000, -39.281000, 121.582000, -3.000000
2.935000, -39.281000, 121.582000, 0.000000
2.935000, -39.281000, 121.582000, -3.000000
2.935000, -39.281000, 121.582000, 3.000000
2.935000, -39.281000, 121.582000, 3.000000
2.935000, -39.281000, 121.582000, -3.000000
2.935000, -39.281000, 121.582000, 0.000000
2.935000, -39.281000, 121.582000, 3.000000
2.935000, -39.281000, 121.582000, 3.000000
2.935000, -39.281000, 121.582000, -6.000000
2.935000, -39.281000, 121.582000, 3.000000
2.935000, -39.281000, 121.582000, -3.000000
2.935000, -39.281000, 121.582000, 3.000000
2.935000, -39.281000, 121.582000, 6.000000
2.935000, -39.281000, 121.582000, -3.000000
2.935000, -39.281000, 121.582000, 0.000000
2.935000, -39.281000, 121.582000, 3.000000
2.935000, -39.281000, 121.582000, 3.000000
2.935000, -39.281000, 121.582000, -6.000000
2.935000, -39.281000, 121.582000, -3.000000
2.935000, -39.281000, 121.582000, -3.000000
2.935000, -39.281000, 121.582000, 3.000000
2.935000, -39.281000, 121.582000, 3.000000
2.935000, -39.281000, 121.582000, 0.000000
2.935000, -39.281000, 121.582000, 0.000000
2.935000, -39.281000, 121.582000, 3.000000
2.935000, -39.281000, 121.582000, 3.000000
2.849000, -39.229000, 121.582000, -998.000000
2.775000, -39.183000, 121.582000, -958.000000
2.738000, -39.161000, 121.582000, -1071.500000
2.708000, -39.142000, 121.582000, -1059.500000
2.671000, -39.119000, 121.582000, -1050.500000
2.634000, -39.097000, 121.582000, -1161.000000
2.597000, -39.074000, 121.582000, -1278.000000
2.554000, -39.048000, 121.582000, -1299.500000
2.518000, -39.025000, 121.582000, -1290.500000
2.462000, -38.991000, 121.582000, -1303.000000
2.402000, -38.954000, 121.639000, -1293.500000
2.328000, -38.909000, 121.639000, -1296.500000
2.261000, -38.867000, 121.639000, -1296.500000
2.162000, -38.806000, 121.582000, -1306.000000
2.077000, -38.754000, 121.639000, -1306.000000
1.991000, -38.701000, 121.639000, -1303.000000
1.862000, -38.621000, 121.582000, -1309.000000
1.770000, -38.565000, 121.582000, -1303.000000
1.654000, -38.493000, 121.639000, -1558.500000
1.488000, -38.392000, 121.639000, -1561.500000
1.378000, -38.324000, 121.639000, -1570.500000
1.219000, -38.225000, 121.639000, -1592.500000
0.992000, -38.086000, 121.639000, -1675.500000
0.827000, -37.984000, 121.696000, -1586.000000
0.661000, -37.881000, 121.639000, -1583.000000
0.385000, -37.712000, 121.639000, -1586.000000
0.220000, -37.610000, 121.639000, -1681.500000
-0.056000, -37.440000, 121.639000, -1586.000000
-0.327000, -37.273000, 121.582000, -1669.500000
-0.499000, -37.168000, 121.582000, -1493.500000
-0.733000, -37.023000, 121.467000, -314.500000
-0.899000, -36.922000, 121.066000, -46.500000
-1.015000, -36.853000, 120.722000, -31.000000
-1.078000, -36.816000, 120.207000, -12.500000
-1.107000, -36.799000, 119.519000, 6.500000
-1.109000, -36.798000, 119.347000, 3.500000
-1.123000, -36.790000, 119.233000, 15.000000
-1.137000, -36.783000, 119.175000, 18.500000
-1.138000, -36.782000, 119.061000, 9.000000
-1.159000, -36.770000, 118.946000, 9.500000
-1.176000, -36.761000, 118.660000, 15.500000
-1.185000, -36.756000, 118.488000, 15.500000
-1.214000, -36.740000, 118.201000, 9.500000
-1.225000, -36.735000, 117.915000, 3.000000
-1.247000, -36.723000, 117.686000, 9.000000
-1.271000, -36.710000, 117.342000, 15.500000
-1.294000, -36.699000, 117.113000, 6.000000
-1.310000, -36.690000, 116.883000, 12.500000
-1.341000, -36.675000, 116.540000, 6.000000
-1.358000, -36.666000, 116.253000, 3.000000
-1.368000, -36.661000, 116.024000, 9.500000
-1.398000, -36.647000, 115.737000, 12.500000
-1.427000, -36.633000, 115.508000, 21.500000
-1.438000, -36.628000, 115.222000, 15.500000
-1.471000, -36.612000, 114.763000, 12.500000
-1.480000, -36.608000, 114.190000, 9.000000
-1.511000, -36.594000, 113.847000, 9.500000
-1.563000, -36.572000, 113.045000, 18.500000
-1.592000, -36.560000, 112.013000, 18.500000
-1.600000, -36.556000, 110.638000, 18.500000
-1.628000, -36.546000, 108.404000, 18.500000
-1.675000, -36.531000, 106.284000, 18.500000
-1.652000, -36.538000, 103.820000, 15.500000
-1.707000, -36.525000, 100.440000, 12.500000
-1.726000, -36.523000, 97.517000, 9.500000
-1.761000, -36.521000, 93.679000, 3.000000
-1.794000, -36.521000, 90.413000, 9.000000
-1.734000, -36.518000, 86.173000, 12.500000
-1.742000, -36.517000, 81.818000, 12.000000
-1.750000, -36.517000, 78.323000, -21.500000
-1.666000, -36.497000, 75.229000, 0.000000
-1.491000, -36.447000, 72.307000, -3.000000
-1.512000, -36.454000, 70.989000, -3.000000
-1.541000, -36.464000, 70.474000, 0.000000
-1.561000, -36.471000, 70.474000, 0.000000
-1.585000, -36.479000, 70.703000, 3.000000
-1.596000, -36.483000, 70.818000, 0.000000
-1.596000, -36.483000, 70.818000, 0.000000
-1.596000, -36.483000, 70.818000, -3.000000
-1.596000, -36.483000, 70.818000, 3.000000
-1.596000, -36.483000, 70.818000, -3.000000
-1.569000, -36.474000, 70.818000, 964.000000
-1.541000, -36.464000, 70.875000, 1029.000000
-1.514000, -36.455000, 70.875000, 1044.000000
-1.466000, -36.438000, 70.875000, 1290.500000
-1.378000, -36.407000, 70.875000, 1293.500000
-1.316000, -36.386000, 70.932000, 1302.500000
-1.234000, -36.358000, 70.932000, 1336.500000
-1.125000, -36.320000, 70.932000, 1549.000000
-1.044000, -36.292000, 70.932000, 1660.500000
-0.901000, -36.243000, 70.932000, 1669.000000
-0.777000, -36.200000, 70.989000, 1669.500000
-0.580000, -36.132000, 70.989000, 1675.500000
-0.429000, -36.080000, 71.047000, 1687.500000
-0.258000, -36.022000, 71.104000, 1678.500000
-0.040000, -35.947000, 71.104000, 1924.500000
0.178000, -35.872000, 71.104000, 2202.000000
0.425000, -35.788000, 71.219000, 2226.500000
0.732000, -35.684000, 71.219000, 2236.000000
1.026000, -35.584000, 71.276000, 2245.500000
1.427000, -35.448000, 71.219000, 2245.500000
1.700000, -35.355000, 71.219000, 2257.500000
2.034000, -35.241000, 71.219000, 2257.500000
2.478000, -35.091000, 71.276000, 2257.500000
2.790000, -34.984000, 71.219000, 2263.500000
3.146000, -34.864000, 71.276000, 2273.000000
3.645000, -34.695000, 71.333000, 2267.000000
3.958000, -34.589000, 71.333000, 2270.000000
4.348000, -34.457000, 71.391000, 2242.500000
4.820000, -34.299000, 71.448000, 2279.000000
5.188000, -34.175000, 71.448000, 2273.000000
5.571000, -34.047000, 71.448000, 2273.000000
6.091000, -33.872000, 71.562000, 2273.000000
6.413000, -33.765000, 71.620000, 2242.000000
6.920000, -33.597000, 71.677000, 2298.000000
7.249000, -33.488000, 71.734000, 2193.000000
7.645000, -33.358000, 71.734000, 2279.000000
8.159000, -33.188000, 71.792000, 2192.500000
8.495000, -33.078000, 71.849000, 2273.000000
8.899000, -32.945000, 71.849000, 2279.000000
9.400000, -32.782000, 71.964000, 2276.000000
9.742000, -32.670000, 71.964000, 2276.000000
10.126000, -32.545000, 71.964000, 2180.500000
10.620000, -32.385000, 72.021000, 2183.500000
10.969000, -32.271000, 72.021000, 2260.500000
11.332000, -32.153000, 72.021000, 2269.500000
11.839000, -31.989000, 72.078000, 2205.500000
12.155000, -31.887000, 72.078000, 2266.500000
12.641000, -31.730000, 72.078000, 2199.000000
13.011000, -31.610000, 72.078000, 2276.000000
13.346000, -31.502000, 72.078000, 2270.000000
13.847000, -31.340000, 72.078000, 2273.000000
14.244000, -31.211000, 72.078000, 2276.000000
14.586000, -31.101000, 72.078000, 2254.500000
15.087000, -30.939000, 72.135000, 2266.500000
15.464000, -30.817000, 72.135000, 2273.000000
15.794000, -30.711000, 72.193000, 2248.500000
16.274000, -30.557000, 72.193000, 2270.000000
16.672000, -30.429000, 72.250000, 2180.500000
16.990000, -30.328000, 72.365000, 2202.000000
17.477000, -30.173000, 72.365000, 2174.500000
17.821000, -30.064000, 72.422000, 2270.000000
18.268000, -29.923000, 72.479000, 2171.500000
18.632000, -29.808000, 72.479000, 2269.500000
19.004000, -29.690000, 72.536000, 2180.500000
19.436000, -29.554000, 72.536000, 2263.500000
19.821000, -29.433000, 72.536000, 2270.000000
20.171000, -29.323000, 72.536000, 2270.000000
20.584000, -29.193000, 72.594000, 2248.500000
20.948000, -29.079000, 72.594000, 2266.500000
21.312000, -28.965000, 72.594000, 2177.500000
21.724000, -28.836000, 72.536000, 2171.500000
22.067000, -28.728000, 72.536000, 2174.500000
22.527000, -28.583000, 72.536000, 2165.500000
22.836000, -28.486000, 72.536000, 2165.500000
23.283000, -28.346000, 72.594000, 2171.500000
23.653000, -28.229000, 72.536000, 2168.500000
23.957000, -28.134000, 72.594000, 2171.500000
24.418000, -27.990000, 72.651000, 2165.000000
24.748000, -27.887000, 72.651000, 2171.500000
25.071000, -27.786000, 72.651000, 2171.500000
25.531000, -27.642000, 72.651000, 2168.500000
25.922000, -27.519000, 72.594000, 2162.000000
26.210000, -27.429000, 72.594000, 2171.500000
26.690000, -27.278000, 72.536000, 2174.500000
27.034000, -27.170000, 72.536000, 2171.500000
27.329000, -27.077000, 72.536000, 2168.500000
27.809000, -26.926000, 72.479000, 2171.500000
28.215000, -26.798000, 72.536000, 2174.500000
28.531000, -26.699000, 72.536000, 2076.000000
28.963000, -26.563000, 72.536000, 1811.000000
29.285000, -26.461000, 72.479000, 1192.000000
29.532000, -26.383000, 72.479000, 135.500000
29.621000, -26.355000, 72.479000, 12.000000
29.786000, -26.303000, 72.479000, 12.000000
29.896000, -26.268000, 72.479000, 6.000000
29.930000, -26.257000, 72.479000, -3.000000
29.930000, -26.257000, 72.479000, 0.000000
29.930000, -26.257000, 72.479000, 0.000000
29.923000, -26.260000, 72.479000, 3.000000
29.923000, -26.260000, 72.479000, 3.000000
29.923000, -26.260000, 72.479000, 0.000000
29.923000, -26.260000, 72.479000, -3.000000
29.923000, -26.260000, 72.479000, -3.000000
29.923000, -26.260000, 72.479000, 0.000000
29.923000, -26.260000, 72.479000, 0.000000
29.923000, -26.260000, 72.479000, 6.000000
29.923000, -26.260000, 72.479000, 3.000000
29.923000, -26.260000, 72.479000, 0.000000
29.923000, -26.260000, 72.479000, 3.000000
29.923000, -26.260000, 72.479000, 0.000000
29.923000, -26.260000, 72.479000, 0.000000
29.923000, -26.260000, 72.479000, 3.000000
29.923000, -26.260000, 72.479000, 0.000000
29.923000, -26.260000, 72.479000, 3.000000
29.923000, -26.260000, 72.479000, 0.000000
29.923000, -26.260000, 72.479000, 3.000000
29.923000, -26.260000, 72.479000, 3.000000
29.923000, -26.260000, 72.479000, 0.000000
29.923000, -26.260000, 72.479000, 0.000000
29.923000, -26.260000, 72.479000, -6.000000
29.923000, -26.260000, 72.479000, 3.000000
29.923000, -26.260000, 72.479000, 0.000000
29.923000, -26.260000, 72.479000, -3.000000
29.923000, -26.260000, 72.479000, 0.000000
29.923000, -26.260000, 72.479000, -3.000000
29.923000, -26.260000, 72.479000, 6.000000
29.923000, -26.260000, 72.479000, 0.000000
29.923000, -26.260000, 72.479000, -3.000000
29.923000, -26.260000, 72.479000, 3.000000
29.923000, -26.260000, 72.479000, 3.000000
29.923000, -26.260000, 72.479000, 0.000000
29.923000, -26.260000, 72.479000, 6.000000
29.923000, -26.260000, 72.479000, 3.000000
29.923000, -26.260000, 72.479000, -3.000000
29.923000, -26.260000, 72.479000, 0.000000
29.923000, -26.260000, 72.479000, 0.000000
29.923000, -26.260000, 72.479000, 3.000000
29.923000, -26.260000, 72.479000, 0.000000
29.923000, -26.260000, 72.479000, 0.000000
29.918000, -26.261000, 72.536000, 6.000000
29.923000, -26.260000, 72.479000, -3.000000
29.923000, -26.260000, 72.479000, -3.000000
29.918000, -26.261000, 72.536000, 0.000000
29.923000, -26.260000, 72.479000, 0.000000
29.918000, -26.261000, 72.536000, 0.000000
29.918000, -26.261000, 72.536000, 3.000000
29.918000, -26.261000, 72.536000, 696.500000
30.117000, -26.199000, 72.536000, 1182.500000
30.164000, -26.184000, 72.479000, 1269.000000
30.220000, -26.166000, 72.536000, 1269.000000
30.282000, -26.147000, 72.594000, 1275.000000
30.331000, -26.132000, 72.594000, 1195.000000
30.399000, -26.110000, 72.594000, 1247.500000
30.475000, -26.086000, 72.594000, 1259.500000
30.517000, -26.073000, 72.651000, 1266.000000
30.599000, -26.047000, 72.651000, 1275.500000
30.689000, -26.019000, 72.651000, 1262.500000
30.764000, -25.996000, 72.651000, 1256.500000
30.888000, -25.957000, 72.651000, 1284.500000
30.985000, -25.927000, 72.708000, 1266.000000
31.061000, -25.903000, 72.708000, 1272.000000
31.199000, -25.860000, 72.766000, 1349.000000
31.317000, -25.824000, 72.823000, 1318.500000
31.413000, -25.794000, 72.823000, 1380.000000
31.584000, -25.741000, 72.766000, 1595.500000
31.749000, -25.690000, 72.766000, 1805.000000
31.914000, -25.639000, 72.766000, 2026.500000
32.163000, -25.562000, 72.823000, 2270.000000
32.411000, -25.485000, 72.880000, 2303.500000
32.715000, -25.392000, 72.938000, 2365.500000
32.895000, -25.337000, 72.995000, 2338.000000
32.956000, -25.318000, 73.396000, 2356.500000
33.013000, -25.301000, 73.912000, 2331.500000
33.013000, -25.301000, 73.912000, 2337.500000
33.013000, -25.301000, 73.912000, 2402.500000
33.013000, -25.301000, 73.912000, 2525.500000
33.020000, -25.299000, 73.912000, 2935.500000
33.034000, -25.295000, 73.912000, 3381.500000
33.144000, -25.263000, 73.912000, 4312.000000
33.222000, -25.241000, 74.026000, 5596.500000
33.467000, -25.172000, 74.141000, 5944.500000
33.605000, -25.132000, 74.141000, 6560.500000
33.905000, -25.048000, 74.255000, 7173.500000
34.316000, -24.937000, 76.032000, 7237.500000
34.608000, -24.869000, 77.636000, 6849.500000
35.024000, -24.784000, 79.355000, 7265.500000
35.412000, -24.718000, 81.417000, 6505.000000
35.601000, -24.692000, 82.907000, 7102.000000
35.932000, -24.655000, 84.339000, 6954.500000
36.257000, -24.627000, 86.230000, 6178.500000
36.259000, -24.627000, 86.746000, 6548.000000
36.272000, -24.626000, 86.689000, 2911.000000
36.287000, -24.625000, 86.689000, 5547.000000
36.287000, -24.625000, 86.689000, 3588.000000
36.287000, -24.625000, 86.689000, 3295.500000
36.287000, -24.625000, 86.689000, 2605.500000
36.279000, -24.626000, 86.689000, 1949.500000
36.265000, -24.627000, 86.689000, 1500.000000
36.244000, -24.628000, 86.746000, 1238.000000
36.137000, -24.634000, 86.746000, 3.000000
36.058000, -24.639000, 86.746000, 0.000000
35.993000, -24.642000, 86.746000, -6.000000
35.963000, -24.644000, 86.689000, 6.000000
35.963000, -24.644000, 86.689000, -3.000000
35.963000, -24.644000, 86.689000, 6.000000
35.957000, -24.644000, 86.746000, 0.000000
35.957000, -24.644000, 86.746000, 3.000000
35.957000, -24.644000, 86.746000, -3.000000
35.957000, -24.644000, 86.746000, 0.000000
35.957000, -24.644000, 86.746000, -3.000000
35.957000, -24.644000, 86.746000, 0.000000
35.957000, -24.644000, 86.746000, 3.000000
35.957000, -24.644000, 86.746000, -6.000000
35.957000, -24.644000, 86.746000, -3.000000
35.957000, -24.644000, 86.746000, -3.000000
35.950000, -24.645000, 86.746000, 0.000000
35.950000, -24.645000, 86.746000, -3.000000
35.950000, -24.645000, 86.746000, 3.000000
35.950000, -24.645000, 86.746000, 3.000000
35.950000, -24.645000, 86.746000, 0.000000
35.950000, -24.645000, 86.746000, 0.000000
35.957000, -24.644000, 86.746000, 831.500000
35.963000, -24.644000, 86.689000, 878.000000
35.963000, -24.644000, 86.689000, 881.000000
35.963000, -24.644000, 86.689000, 979.500000
35.963000, -24.644000, 86.689000, 896.000000
35.963000, -24.644000, 86.689000, 985.500000
35.963000, -24.644000, 86.689000, 1053.000000
35.969000, -24.644000, 86.631000, 1056.500000
35.982000, -24.643000, 86.517000, 1041.000000
35.988000, -24.642000, 86.459000, 1031.500000
35.994000, -24.642000, 86.402000, 1103.000000
35.988000, -24.642000, 86.459000, 1109.000000
35.994000, -24.642000, 86.402000, 1084.000000
36.001000, -24.642000, 86.345000, 1090.000000
36.007000, -24.641000, 86.287000, 1093.500000
36.007000, -24.641000, 86.287000, 1093.500000
36.007000, -24.641000, 86.287000, 1096.500000
36.013000, -24.641000, 86.230000, 1041.000000
35.756000, -24.658000, 86.345000, -1016.500000
35.699000, -24.661000, 86.345000, -1269.000000
35.642000, -24.665000, 86.402000, -1272.000000
35.578000, -24.669000, 86.402000, -1250.500000
35.470000, -24.676000, 86.402000, -1407.500000
35.366000, -24.682000, 86.230000, -1414.000000
35.236000, -24.691000, 86.173000, -1414.000000
35.034000, -24.704000, 86.116000, -1241.500000
34.918000, -24.712000, 86.058000, -939.000000
34.789000, -24.721000, 86.058000, -1022.500000
34.626000, -24.732000, 86.173000, -1130.500000
34.533000, -24.739000, 86.230000, -1219.500000
34.411000, -24.747000, 86.230000, -1558.500000
34.231000, -24.759000, 86.173000, -1949.500000
34.078000, -24.769000, 86.058000, -3462.000000
33.567000, -24.804000, 86.001000, -5633.000000
32.991000, -24.845000, 85.944000, -5199.000000
32.580000, -24.874000, 85.829000, -209.500000
32.334000, -24.892000, 85.714000, -31.000000
31.991000, -24.918000, 85.829000, -18.000000
31.773000, -24.933000, 86.058000, -6.000000
31.711000, -24.938000, 86.230000, -3.000000
31.697000, -24.938000, 86.287000, 0.000000
31.704000, -24.938000, 86.230000, 3.000000
31.704000, -24.938000, 86.230000, -3.000000
31.697000, -24.938000, 86.287000, -6.000000
31.697000, -24.938000, 86.287000, -3.000000
31.710000, -24.938000, 86.173000, -3.000000
31.710000, -24.938000, 86.173000, -3.000000
31.697000, -24.938000, 86.287000, -6.000000
31.710000, -24.938000, 86.173000, -3.000000
31.710000, -24.938000, 86.173000, 0.000000
31.691000, -24.939000, 86.345000, -3.000000
31.697000, -24.938000, 86.287000, -3.000000
31.704000, -24.938000, 86.230000, 0.000000
31.697000, -24.938000, 86.287000, 0.000000
31.704000, -24.938000, 86.230000, 0.000000
31.697000, -24.938000, 86.287000, 0.000000
31.697000, -24.938000, 86.287000, 0.000000
31.697000, -24.938000, 86.287000, 0.000000
31.697000, -24.938000, 86.287000, 3.000000
31.697000, -24.938000, 86.287000, -3.000000
31.697000, -24.938000, 86.287000, 0.000000
31.697000, -24.938000, 86.287000, -3.000000
31.697000, -24.938000, 86.287000, 0.000000
31.704000, -24.938000, 86.230000, -3.000000
31.697000, -24.938000, 86.287000, 0.000000
31.697000, -24.938000, 86.287000, 0.000000
31.697000, -24.938000, 86.287000, 0.000000
31.697000, -24.938000, 86.287000, 0.000000
31.697000, -24.938000, 86.287000, 3.000000
31.697000, -24.938000, 86.287000, 0.000000
31.697000, -24.938000, 86.287000, -3.000000
31.697000, -24.938000, 86.287000, 3.000000
31.697000, -24.938000, 86.287000, -6.000000
31.697000, -24.938000, 86.287000, 0.000000
31.697000, -24.938000, 86.287000, 3.000000
31.697000, -24.938000, 86.287000, 0.000000
31.697000, -24.938000, 86.287000, 0.000000
31.697000, -24.938000, 86.287000, 0.000000
31.697000, -24.938000, 86.287000, -3.000000
31.697000, -24.938000, 86.287000, 3.000000
31.697000, -24.938000, 86.287000, -3.000000
31.697000, -24.938000, 86.287000, 0.000000
31.697000, -24.938000, 86.287000, -3.000000
31.697000, -24.938000, 86.287000, 0.000000
31.697000, -24.938000, 86.287000, 6.000000
31.697000, -24.938000, 86.287000, 0.000000
31.697000, -24.938000, 86.287000, -3.000000
31.697000, -24.938000, 86.287000, 0.000000
31.697000, -24.938000, 86.287000, 0.000000
31.697000, -24.938000, 86.287000, 3.000000
31.697000, -24.938000, 86.287000, 6.000000
31.697000, -24.938000, 86.287000, 0.000000
31.697000, -24.938000, 86.287000, 0.000000
31.697000, -24.938000, 86.287000, 0.000000
31.697000, -24.938000, 86.287000, 0.000000
31.697000, -24.938000, 86.287000, -3.000000
31.697000, -24.938000, 86.287000, 0.000000
31.697000, -24.938000, 86.287000, -6.000000
31.697000, -24.938000, 86.287000, 3.000000
31.697000, -24.938000, 86.287000, 3.000000
31.697000, -24.938000, 86.287000, 0.000000
31.697000, -24.938000, 86.287000, 0.000000
31.697000, -24.938000, 86.287000, 0.000000
31.697000, -24.938000, 86.287000, -3.000000
31.697000, -24.938000, 86.287000, 0.000000
31.697000, -24.938000, 86.287000, 3.000000
31.697000, -24.938000, 86.287000, -3.000000
31.697000, -24.938000, 86.287000, 3.000000
31.697000, -24.938000, 86.287000, 0.000000
31.697000, -24.938000, 86.287000, 3.000000
31.697000, -24.938000, 86.287000, -3.000000
31.697000, -24.938000, 86.287000, 0.000000
31.697000, -24.938000, 86.287000, 3.000000
31.697000, -24.938000, 86.287000, 0.000000
31.697000, -24.938000, 86.287000, -6.000000
31.697000, -24.938000, 86.287000, 3.000000
31.697000, -24.938000, 86.287000, 0.000000
31.697000, -24.938000, 86.287000, 6.000000
31.697000, -24.938000, 86.287000, 3.000000
31.697000, -24.938000, 86.287000, 0.000000
31.697000, -24.938000, 86.287000, 0.000000
31.697000, -24.938000, 86.287000, 0.000000
31.697000, -24.938000, 86.287000, 6.000000
31.697000, -24.938000, 86.287000, 3.000000
31.697000, -24.938000, 86.287000, 0.000000
31.697000, -24.938000, 86.287000, 0.000000
31.697000, -24.938000, 86.287000, 0.000000
31.697000, -24.938000, 86.287000, -3.000000
31.697000, -24.938000, 86.287000, 0.000000
31.697000, -24.938000, 86.287000, 0.000000
31.697000, -24.938000, 86.287000, 3.000000
31.697000, -24.938000, 86.287000, 3.000000
31.697000, -24.938000, 86.287000, -3.000000
31.697000, -24.938000, 86.287000, -3.000000
31.697000, -24.938000, 86.287000, 0.000000
31.697000, -24.938000, 86.287000, 3.000000
31.697000, -24.938000, 86.287000, 3.000000
31.697000, -24.938000, 86.287000, -3.000000
31.697000, -24.938000, 86.287000, -3.000000
31.697000, -24.938000, 86.287000, 0.000000
31.697000, -24.938000, 86.287000, -314.000000
31.618000, -24.944000, 86.287000, -868.500000
31.547000, -24.948000, 86.345000, -915.000000
31.526000, -24.950000, 86.345000, -828.500000
31.497000, -24.951000, 86.345000, -859.500000
31.496000, -24.951000, 86.287000, -924.000000
31.490000, -24.952000, 86.345000, -954.500000
31.490000, -24.952000, 86.345000, -1029.000000
31.483000, -24.952000, 86.345000, -1038.000000
31.483000, -24.952000, 86.345000, -1032.000000
31.476000, -24.953000, 86.345000, -1032.000000
31.454000, -24.954000, 86.345000, -1035.000000
31.446000, -24.955000, 86.287000, -1025.500000
31.418000, -24.956000, 86.345000, -1140.000000
31.397000, -24.958000, 86.345000, -1170.500000
31.374000, -24.959000, 86.287000, -1176.500000
31.338000, -24.962000, 86.287000, -1275.000000
31.310000, -24.963000, 86.345000, -1278.000000
31.282000, -24.965000, 86.345000, -1278.000000
31.239000, -24.968000, 86.345000, -1272.000000
31.216000, -24.969000, 86.287000, -1269.000000
31.167000, -24.973000, 86.345000, -1275.000000
31.124000, -24.975000, 86.345000, -1275.000000
31.073000, -24.979000, 86.345000, -1127.500000
30.940000, -24.987000, 86.116000, -1451.000000
30.864000, -24.993000, 85.829000, -1536.500000
30.748000, -25.002000, 85.371000, -1642.000000
30.572000, -25.017000, 84.683000, -1558.500000
30.422000, -25.032000, 84.282000, -1660.500000
30.247000, -25.050000, 83.652000, -1669.500000
29.958000, -25.084000, 83.022000, -1672.500000
29.777000, -25.107000, 82.449000, -1555.000000
29.445000, -25.153000, 81.761000, -1672.500000
29.187000, -25.192000, 81.245000, -1654.000000
28.951000, -25.229000, 80.730000, -1589.500000
28.621000, -25.285000, 80.042000, -1700.500000
28.324000, -25.339000, 79.240000, -1632.500000
28.083000, -25.386000, 78.724000, -1641.500000
27.735000, -25.459000, 77.693000, -1586.000000
27.484000, -25.515000, 76.948000, -1580.000000
27.269000, -25.567000, 76.203000, -1687.500000
26.934000, -25.651000, 75.344000, -1580.000000
26.685000, -25.718000, 74.599000, -1574.000000
26.467000, -25.780000, 73.912000, -1577.000000
26.148000, -25.874000, 72.995000, -1580.000000
25.902000, -25.952000, 72.193000, -1623.500000
25.711000, -26.015000, 71.333000, -1586.000000
25.400000, -26.123000, 70.130000, -1574.000000
25.211000, -26.194000, 68.812000, -1614.000000
24.991000, -26.282000, 68.010000, -1543.000000
24.751000, -26.384000, 66.177000, -1623.000000
24.516000, -26.491000, 64.916000, -1595.500000
24.354000, -26.569000, 63.598000, -1521.500000
24.067000, -26.716000, 61.994000, -1531.000000
23.840000, -26.841000, 60.676000, -1589.000000
23.615000, -26.972000, 58.900000, -1524.500000
23.419000, -27.094000, 57.525000, -1515.500000
23.256000, -27.200000, 55.806000, -1620.000000
22.995000, -27.381000, 54.431000, -1524.500000
22.828000, -27.504000, 52.769000, -1592.500000
22.612000, -27.672000, 51.452000, -1620.000000
22.396000, -27.849000, 49.790000, -1521.500000
22.205000, -28.014000, 48.472000, -1540.000000
22.007000, -28.194000, 47.097000, -1626.000000
21.804000, -28.388000, 45.378000, -1601.500000
21.626000, -28.568000, 44.003000, -1534.000000
21.421000, -28.786000, 41.998000, -1617.000000
21.266000, -28.961000, 40.966000, -1534.000000
21.094000, -29.164000, 39.649000, -1632.500000
20.893000, -29.416000, 37.586000, -1490.500000
20.779000, -29.569000, 36.497000, -1087.000000
20.695000, -29.685000, 34.779000, -80.000000
20.606000, -29.818000, 32.945000, -52.500000
20.567000, -29.880000, 31.627000, -52.500000
20.524000, -29.951000, 30.481000, -12.000000
20.499000, -29.995000, 29.164000, 0.000000
20.473000, -30.042000, 28.132000, -3.500000
20.465000, -30.058000, 27.445000, 6.000000
20.458000, -30.071000, 26.585000, 12.500000
20.438000, -30.112000, 26.012000, 0.000000
20.434000, -30.121000, 25.382000, 3.000000
20.424000, -30.141000, 24.924000, 6.000000
20.421000, -30.149000, 24.408000, 9.000000
20.412000, -30.167000, 24.064000, 6.000000
20.411000, -30.171000, 23.778000, 6.000000
20.403000, -30.189000, 23.491000, 6.000000
20.396000, -30.206000, 23.262000, 21.500000
20.395000, -30.208000, 22.689000, 12.500000
20.387000, -30.226000, 22.345000, 12.500000
20.386000, -30.228000, 21.371000, 6.000000
20.380000, -30.244000, 20.798000, 6.000000
20.373000, -30.263000, 19.996000, 6.000000
20.371000, -30.270000, 18.678000, 6.000000
20.362000, -30.295000, 17.934000, 12.500000
20.364000, -30.289000, 16.616000, 9.000000
20.352000, -30.331000, 15.241000, 6.000000
20.348000, -30.350000, 14.095000, 12.000000
20.345000, -30.362000, 12.892000, 3.000000
20.333000, -30.416000, 11.287000, 9.500000
20.334000, -30.410000, 9.912000, 3.000000
20.325000, -30.469000, 8.079000, -3.000000
20.328000, -30.449000, 6.245000, 9.000000
20.322000, -30.497000, 5.042000, 9.500000
20.322000, -30.493000, 2.693000, 25.000000
20.321000, -30.528000, 1.031000, 6.000000
20.321000, -30.533000, -0.573000, 9.500000
20.323000, -30.590000, -2.693000, 6.000000
20.324000, -30.611000, -4.412000, 15.500000
20.324000, -30.610000, -6.131000, 6.500000
20.330000, -30.653000, -8.308000, 9.500000
20.333000, -30.674000, -10.027000, 12.500000
20.334000, -30.675000, -11.803000, 6.500000
20.327000, -30.649000, -14.553000, 9.500000
20.331000, -30.664000, -16.329000, 12.500000
20.331000, -30.666000, -18.621000, 12.500000
20.336000, -30.681000, -20.455000, 12.500000
20.337000, -30.683000, -22.345000, 15.500000
20.329000, -30.665000, -24.637000, 3.500000
20.333000, -30.674000, -26.528000, 6.500000
20.341000, -30.689000, -28.361000, 9.500000
20.341000, -30.690000, -30.653000, 9.500000
20.350000, -30.704000, -32.487000, 12.500000
20.341000, -30.691000, -34.607000, 0.000000
20.378000, -30.742000, -36.211000, 9.500000
20.372000, -30.734000, -38.216000, 6.000000
20.388000, -30.755000, -39.821000, 9.500000
20.400000, -30.769000, -41.826000, 43.000000
20.394000, -30.763000, -43.430000, 3.000000
20.300000, -30.667000, -44.920000, -3.000000
20.247000, -30.614000, -45.607000, -6.000000
20.235000, -30.603000, -45.894000, -3.000000
20.244000, -30.611000, -45.779000, 0.000000
20.253000, -30.620000, -45.665000, 3.000000
20.253000, -30.620000, -45.665000, 6.000000
20.248000, -30.616000, -45.722000, -3.000000
20.248000, -30.616000, -45.722000, -3.000000
20.253000, -30.620000, -45.665000, 0.000000
20.253000, -30.620000, -45.665000, 0.000000
20.253000, -30.620000, -45.665000, -3.000000
20.253000, -30.620000, -45.665000, -3.000000
20.253000, -30.620000, -45.665000, 0.000000
20.253000, -30.620000, -45.665000, 0.000000
20.253000, -30.620000, -45.665000, 0.000000
20.253000, -30.620000, -45.665000, -3.000000
20.253000, -30.620000, -45.665000, 0.000000
20.253000, -30.620000, -45.665000, -3.000000
20.253000, -30.620000, -45.665000, -3.000000
20.253000, -30.620000, -45.665000, 0.000000
20.253000, -30.620000, -45.665000, 6.000000
20.253000, -30.620000, -45.665000, 3.000000
20.253000, -30.620000, -45.665000, 6.000000
20.253000, -30.620000, -45.665000, 0.000000
20.253000, -30.620000, -45.665000, -3.000000
20.253000, -30.620000, -45.665000, -6.000000
20.253000, -30.620000, -45.665000, 3.000000
20.253000, -30.620000, -45.665000, 3.000000
20.253000, -30.620000, -45.665000, 3.000000
20.253000, -30.620000, -45.665000, -6.000000
20.253000, -30.620000, -45.665000, 0.000000
20.253000, -30.620000, -45.665000, -3.000000
20.253000, -30.620000, -45.665000, 567.000000
20.170000, -30.539000, -45.665000, 850.000000
20.150000, -30.519000, -45.665000, 915.000000
20.134000, -30.504000, -45.665000, 915.000000
20.089000, -30.460000, -45.722000, 1025.500000
20.062000, -30.434000, -45.665000, 1093.500000
20.026000, -30.399000, -45.665000, 1161.000000
19.964000, -30.338000, -45.665000, 1269.000000
19.923000, -30.297000, -45.607000, 1450.500000
19.861000, -30.237000, -45.607000, 1617.000000
19.753000, -30.131000, -45.607000, 1613.500000
19.676000, -30.056000, -45.607000, 1795.500000
19.563000, -29.945000, -45.665000, 1977.500000
19.387000, -29.774000, -45.607000, 2217.500000
19.259000, -29.648000, -45.607000, 2377.500000
19.069000, -29.462000, -45.665000, 2445.500000
18.781000, -29.181000, -45.722000, 2528.500000
18.565000, -28.970000, -45.722000, 2528.500000
18.291000, -28.703000, -45.665000, 2528.500000
17.945000, -28.365000, -45.607000, 2544.000000
17.678000, -28.103000, -45.607000, 2584.000000
17.292000, -27.725000, -45.607000, 2568.500000
16.973000, -27.413000, -45.607000, 2534.500000
16.700000, -27.146000, -45.607000, 2553.500000
16.264000, -26.719000, -45.665000, 2550.500000
15.939000, -26.402000, -45.665000, 2553.500000
15.635000, -26.105000, -45.665000, 2587.500000
15.192000, -25.673000, -45.665000, 2575.000000
14.842000, -25.330000, -45.607000, 2565.500000
14.559000, -25.053000, -45.607000, 2559.500000
14.101000, -24.603000, -45.550000, 2565.500000
13.772000, -24.281000, -45.550000, 2565.500000
13.365000, -23.881000, -45.493000, 2565.500000
13.026000, -23.548000, -45.493000, 2568.500000
12.672000, -23.200000, -45.493000, 2574.500000
12.256000, -22.791000, -45.493000, 2574.500000
11.922000, -22.462000, -45.436000, 2556.500000
11.548000, -22.094000, -45.436000, 2571.500000
11.157000, -21.709000, -45.378000, 2574.500000
10.783000, -21.340000, -45.378000, 2568.500000
10.424000, -20.986000, -45.378000, 2565.500000
9.999000, -20.565000, -45.321000, 2587.500000
9.661000, -20.231000, -45.321000, 2571.500000
9.179000, -19.754000, -45.264000, 2599.500000
8.898000, -19.475000, -45.264000, 2568.500000
8.412000, -18.994000, -45.264000, 2575.000000
8.069000, -18.654000, -45.206000, 2614.500000
7.747000, -18.334000, -45.206000, 2581.000000
7.303000, -17.893000, -45.206000, 2593.500000
6.919000, -17.512000, -45.149000, 2565.500000
6.623000, -17.217000, -45.149000, 2716.500000
6.195000, -16.791000, -45.206000, 2590.500000
5.875000, -16.476000, -45.493000, 2553.000000
5.518000, -16.127000, -45.779000, 2651.500000
5.093000, -15.716000, -46.180000, 2534.500000
4.759000, -15.398000, -46.581000, 2618.000000
4.461000, -15.119000, -47.097000, 2578.000000
3.922000, -14.624000, -47.727000, 2615.000000
3.485000, -14.232000, -48.358000, 2627.500000
3.214000, -13.992000, -48.644000, 2636.500000
2.761000, -13.597000, -49.332000, 2544.000000
2.389000, -13.281000, -49.847000, 2581.000000
2.091000, -13.031000, -50.248000, 2645.500000
1.505000, -12.552000, -51.051000, 2608.500000
1.010000, -12.155000, -51.452000, 2574.500000
0.546000, -11.788000, -51.795000, 2590.500000
0.139000, -11.468000, -51.853000, 2581.000000
-0.268000, -11.148000, -51.853000, 2577.500000
-0.716000, -10.797000, -51.853000, 2568.500000
-1.118000, -10.481000, -51.853000, 2562.500000
-1.498000, -10.182000, -51.795000, 2578.000000
-1.996000, -9.790000, -51.795000, 2568.500000
-2.369000, -9.496000, -51.795000, 2572.000000
-2.782000, -9.171000, -51.795000, 2571.500000
-3.223000, -8.825000, -51.853000, 2584.000000
-3.642000, -8.495000, -51.795000, 2538.000000
-4.157000, -8.090000, -51.795000, 2473.500000
-4.485000, -7.832000, -51.795000, 2451.500000
-4.864000, -7.533000, -51.795000, 2457.500000
-5.340000, -7.160000, -51.795000, 2485.500000
-5.673000, -6.898000, -51.853000, 2273.000000
-6.041000, -6.609000, -51.853000, 2026.500000
-6.489000, -6.256000, -51.795000, 2042.000000
-6.794000, -6.017000, -51.853000, 1900.000000
-7.139000, -5.745000, -51.853000, 1725.000000
-7.524000, -5.443000, -51.853000, 1682.000000
-7.802000, -5.225000, -51.853000, 1577.000000
-8.119000, -4.976000, -51.853000, 1337.000000
-8.346000, -4.798000, -51.795000, 1186.000000
-8.527000, -4.655000, -51.795000, 1025.500000
-8.748000, -4.481000, -51.738000, 985.500000
-8.918000, -4.346000, -51.681000, 979.500000
-9.061000, -4.233000, -51.566000, 976.000000
-9.265000, -4.072000, -51.509000, 1041.000000
-9.483000, -3.898000, -51.624000, 1531.000000
-9.698000, -3.728000, -51.566000, 1801.500000
-9.942000, -3.535000, -51.509000, 1909.500000
-10.116000, -3.396000, -51.509000, 1829.500000
-10.320000, -3.234000, -51.452000, 1863.500000
-10.477000, -3.108000, -51.452000, 1786.500000
-10.629000, -2.987000, -51.452000, 1774.000000
-10.804000, -2.848000, -51.452000, 1660.000000
-10.950000, -2.731000, -51.452000, 1515.500000
-11.125000, -2.592000, -51.452000, 1537.000000
-11.328000, -2.431000, -51.452000, 1564.500000
-11.502000, -2.292000, -51.452000, 1435.000000
-11.755000, -2.091000, -51.509000, 1435.500000
-11.885000, -1.987000, -51.452000, 1195.000000
-12.032000, -1.870000, -51.452000, 970.000000
-12.105000, -1.812000, -51.452000, 6.000000
-12.100000, -1.816000, -51.394000, 0.000000
-12.139000, -1.784000, -51.394000, 3.000000
-12.151000, -1.775000, -51.337000, 0.000000
-12.157000, -1.770000, -51.337000, 3.000000
-12.162000, -1.766000, -51.394000, -3.000000
-12.162000, -1.766000, -51.394000, -3.000000
-12.157000, -1.770000, -51.337000, 3.000000
-12.162000, -1.766000, -51.394000, -3.000000
-12.162000, -1.766000, -51.394000, 6.000000
-12.157000, -1.770000, -51.337000, -3.000000
-12.157000, -1.770000, -51.337000, 0.000000
-12.152000, -1.774000, -51.280000, 0.000000
-12.152000, -1.774000, -51.280000, 0.000000
-12.166000, -1.763000, -51.509000, 0.000000
-12.166000, -1.763000, -51.509000, 0.000000
-12.151000, -1.775000, -51.337000, 6.000000
-12.151000, -1.775000, -51.337000, 0.000000
-12.156000, -1.771000, -51.394000, 0.000000
-12.151000, -1.775000, -51.337000, 3.000000
-12.151000, -1.775000, -51.337000, 3.000000
-12.147000, -1.779000, -51.280000, 3.000000
-12.156000, -1.771000, -51.394000, 0.000000
-12.156000, -1.771000, -51.394000, 0.000000
-12.151000, -1.775000, -51.337000, -3.000000
-12.156000, -1.771000, -51.394000, 0.000000
-12.151000, -1.775000, -51.337000, 0.000000
-12.147000, -1.779000, -51.280000, 3.000000
-12.151000, -1.775000, -51.337000, 0.000000
-12.151000, -1.775000, -51.337000, 0.000000
-12.147000, -1.779000, -51.280000, 3.000000
-12.151000, -1.775000, -51.337000, -3.000000
-12.147000, -1.779000, -51.280000, 0.000000
-12.151000, -1.775000, -51.337000, 0.000000
-12.151000, -1.775000, -51.337000, 0.000000
-12.147000, -1.779000, -51.280000, 0.000000
-12.151000, -1.775000, -51.337000, 3.000000
-12.147000, -1.779000, -51.280000, -6.000000
-12.147000, -1.779000, -51.280000, 3.000000
-12.147000, -1.779000, -51.280000, -3.000000
-12.147000, -1.779000, -51.280000, 3.000000
-12.147000, -1.779000, -51.280000, 6.000000
-12.147000, -1.779000, -51.280000, 0.000000
-12.147000, -1.779000, -51.280000, -3.000000
-12.147000, -1.779000, -51.280000, 0.000000
-12.147000, -1.779000, -51.280000, -6.000000
-12.147000, -1.779000, -51.280000, 0.000000
-12.147000, -1.779000, -51.280000, -3.000000
-12.147000, -1.779000, -51.280000, 3.000000
-12.147000, -1.779000, -51.280000, -3.000000
-12.147000, -1.779000, -51.280000, 3.000000
-12.147000, -1.779000, -51.280000, 3.000000
-12.147000, -1.779000, -51.280000, 3.000000
-12.147000, -1.779000, -51.280000, 0.000000
-12.147000, -1.779000, -51.280000, 3.000000
-12.147000, -1.779000, -51.280000, -3.000000
-12.147000, -1.779000, -51.280000, -3.000000
-12.147000, -1.779000, -51.280000, 0.000000
-12.147000, -1.779000, -51.280000, 3.000000
-12.147000, -1.779000, -51.280000, 3.000000
-12.147000, -1.779000, -51.280000, 3.000000
-12.147000, -1.779000, -51.280000, 0.000000
-12.147000, -1.779000, -51.280000, -3.000000
-12.147000, -1.779000, -51.280000, 0.000000
-12.147000, -1.779000, -51.280000, 0.000000
-12.147000, -1.779000, -51.280000, 0.000000
-12.130000, -1.792000, -51.280000, 12.000000
-11.977000, -1.914000, -51.337000, -24.500000
-11.974000, -1.917000, -51.566000, 3.000000
-11.978000, -1.913000, -51.681000, 0.000000
-11.973000, -1.918000, -51.681000, 3.500000
-11.973000, -1.918000, -51.681000, 6.500000
-11.978000, -1.914000, -51.738000, 3.500000
-11.983000, -1.910000, -51.795000, -6.500000
-11.987000, -1.906000, -51.853000, 12.500000
-11.981000, -1.911000, -51.910000, 15.500000
-11.974000, -1.917000, -52.025000, 9.500000
-11.967000, -1.922000, -52.139000, 12.500000
-11.960000, -1.928000, -52.254000, 9.500000
-11.952000, -1.934000, -52.368000, 6.500000
-11.957000, -1.930000, -52.426000, 12.500000
-11.951000, -1.935000, -52.483000, 12.500000
-11.939000, -1.944000, -52.483000, 3.500000
-11.944000, -1.940000, -52.540000, 15.000000
-11.944000, -1.940000, -52.540000, 18.500000
-11.949000, -1.936000, -52.598000, 9.000000
-11.949000, -1.936000, -52.598000, 15.500000
-11.943000, -1.941000, -52.655000, -6.500000
-11.942000, -1.941000, -52.712000, 12.500000
-11.947000, -1.938000, -52.769000, 12.000000
-11.947000, -1.938000, -52.769000, 12.000000
-11.941000, -1.942000, -52.769000, 15.000000
-11.946000, -1.938000, -52.827000, 15.500000
-11.951000, -1.934000, -52.884000, 18.500000
-11.956000, -1.931000, -52.941000, 15.500000
-11.961000, -1.927000, -52.999000, 12.500000
-11.961000, -1.927000, -52.999000, 18.500000
-11.961000, -1.927000, -52.999000, 15.500000
-11.961000, -1.927000, -52.999000, 15.500000
-11.961000, -1.927000, -52.999000, 12.000000
-11.961000, -1.927000, -52.999000, 9.500000
-11.961000, -1.927000, -53.056000, 15.500000
-11.961000, -1.927000, -53.056000, 12.000000
-11.966000, -1.924000, -53.113000, 15.000000
-11.960000, -1.928000, -53.113000, 15.000000
-11.960000, -1.928000, -53.113000, 18.500000
-11.960000, -1.928000, -53.113000, 15.500000
-11.960000, -1.928000, -53.113000, 9.000000
-11.960000, -1.928000, -53.113000, 12.000000
-11.955000, -1.932000, -53.056000, 15.000000
-11.960000, -1.928000, -53.113000, 21.500000
-11.953000, -1.933000, -53.170000, 6.000000
-11.946000, -1.938000, -53.285000, 15.500000
-11.945000, -1.939000, -53.342000, 12.000000
-11.939000, -1.943000, -53.342000, 15.000000
-11.939000, -1.943000, -53.342000, 15.500000
-11.939000, -1.943000, -53.342000, 15.000000
-11.939000, -1.943000, -53.342000, 18.500000
-11.934000, -1.948000, -53.342000, 12.000000
-11.933000, -1.948000, -53.400000, 24.500000
-11.925000, -1.954000, -53.572000, -9.500000
-11.911000, -1.964000, -53.743000, 18.500000
-11.914000, -1.962000, -53.915000, 15.000000
-11.882000, -1.985000, -54.145000, 37.000000
-11.889000, -1.980000, -54.488000, 9.000000
-11.866000, -1.997000, -54.947000, 34.000000
-11.853000, -2.006000, -55.462000, 21.500000
-11.851000, -2.007000, -55.978000, 12.000000
-11.828000, -2.022000, -56.780000, 27.500000
-11.827000, -2.023000, -57.754000, 30.500000
-11.811000, -2.033000, -58.442000, 6.500000
-11.792000, -2.044000, -59.759000, 27.500000
-11.790000, -2.045000, -60.791000, 27.500000
-11.787000, -2.047000, -61.879000, 34.000000
-11.764000, -2.058000, -63.426000, 24.500000
-11.751000, -2.065000, -64.744000, 31.000000
-11.745000, -2.067000, -66.406000, 15.500000
-11.730000, -2.074000, -67.838000, 25.000000
-11.714000, -2.080000, -69.328000, 34.000000
-11.718000, -2.078000, -71.219000, 6.500000
-11.742000, -2.070000, -73.167000, 31.000000
-11.723000, -2.075000, -74.771000, 9.500000
-11.725000, -2.075000, -76.834000, 15.500000
-11.690000, -2.083000, -78.553000, 43.000000
-11.676000, -2.085000, -80.271000, 15.500000
-11.683000, -2.084000, -82.449000, 18.500000
-11.668000, -2.086000, -84.282000, 9.500000
-11.665000, -2.086000, -86.173000, 12.500000
-11.669000, -2.087000, -88.522000, 12.500000
-11.651000, -2.086000, -90.470000, 9.500000
-11.703000, -2.088000, -93.449000, 12.500000
-11.672000, -2.085000, -94.882000, 12.500000
-11.718000, -2.090000, -97.288000, 12.500000
-11.714000, -2.089000, -99.695000, 15.500000
-11.747000, -2.095000, -101.585000, 37.000000
-11.733000, -2.092000, -103.362000, 18.500000
-11.711000, -2.087000, -105.596000, 12.500000
-11.724000, -2.090000, -107.372000, 12.500000
-11.736000, -2.094000, -109.206000, 12.500000
-11.781000, -2.111000, -111.956000, 6.000000
-11.747000, -2.098000, -113.274000, 31.000000
-11.758000, -2.102000, -115.165000, 12.500000
-11.806000, -2.126000, -118.029000, 12.500000
-11.797000, -2.121000, -119.519000, 12.500000
-11.830000, -2.140000, -121.983000, 6.000000
-11.832000, -2.141000, -124.504000, 9.500000
-11.840000, -2.147000, -126.509000, 15.500000
-11.837000, -2.144000, -128.457000, 15.500000
-11.825000, -2.135000, -130.692000, 9.500000
-11.841000, -2.148000, -132.468000, 18.000000
-11.821000, -2.129000, -134.588000, 15.500000
-11.863000, -2.173000, -136.536000, 0.000000
-11.923000, -2.237000, -137.338000, 0.000000
-11.948000, -2.265000, -137.682000, 0.000000
-11.931000, -2.247000, -137.453000, -3.000000
-11.924000, -2.239000, -137.223000, 6.000000
-11.936000, -2.251000, -137.052000, 637.500000
-12.029000, -2.351000, -137.052000, 967.000000
-12.146000, -2.477000, -137.109000, 945.500000
-12.182000, -2.516000, -136.994000, 964.000000
-12.227000, -2.564000, -136.937000, 958.000000
-12.261000, -2.600000, -136.937000, 951.500000
-12.315000, -2.658000, -136.937000, 1026.000000
-12.369000, -2.715000, -136.994000, 1044.000000
-12.423000, -2.773000, -136.994000, 1019.500000
-12.457000, -2.810000, -136.994000, 1053.500000
-12.512000, -2.869000, -136.937000, 1044.000000
-12.555000, -2.915000, -136.994000, 1044.000000
-12.609000, -2.973000, -136.994000, 1044.000000
-12.678000, -3.047000, -136.994000, 1050.500000
-12.722000, -3.094000, -136.994000, 1050.000000
-12.778000, -3.154000, -136.880000, 1081.000000
-12.804000, -3.182000, -137.166000, 1133.500000
-12.817000, -3.196000, -137.338000, 1238.000000
-12.883000, -3.268000, -137.911000, 1380.000000
-12.993000, -3.391000, -138.369000, 1460.000000
-13.088000, -3.499000, -138.828000, 1460.000000
-13.202000, -3.631000, -139.171000, 1454.000000
-13.262000, -3.700000, -139.286000, 1448.000000
-13.309000, -3.754000, -139.343000, 1444.500000
-13.374000, -3.830000, -139.401000, 1447.500000
-13.433000, -3.900000, -139.515000, 1454.000000
-13.487000, -3.962000, -139.744000, 1552.500000
-13.603000, -4.101000, -140.146000, 1589.500000
-13.716000, -4.238000, -140.718000, 1688.000000
-13.888000, -4.451000, -141.578000, 1762.000000
-14.036000, -4.640000, -142.265000, 1919.000000
-14.208000, -4.865000, -143.010000, 1962.000000
-14.422000, -5.154000, -143.927000, 1980.500000
-14.604000, -5.407000, -144.615000, 1990.000000
-14.780000, -5.657000, -145.302000, 1990.000000
-15.045000, -6.046000, -145.990000, 2063.500000
-15.292000, -6.416000, -146.563000, 2035.500000
-15.532000, -6.783000, -147.021000, 2048.500000
-15.684000, -7.017000, -147.078000, 2057.500000
-15.883000, -7.325000, -147.136000, 2054.500000
-16.133000, -7.712000, -147.136000, 2134.500000
-16.298000, -7.967000, -147.078000, 2155.500000
-16.493000, -8.269000, -147.078000, 2156.000000
-16.752000, -8.668000, -147.078000, 2162.500000
-16.924000, -8.934000, -147.078000, 2159.000000
-17.131000, -9.254000, -147.078000, 2159.000000
-17.400000, -9.670000, -147.136000, 2063.500000
-17.576000, -9.943000, -147.136000, 2156.000000
-17.791000, -10.275000, -147.136000, 2171.500000
-18.080000, -10.723000, -147.136000, 2168.500000
-18.260000, -11.001000, -147.136000, 2171.500000
-18.542000, -11.437000, -147.078000, 2174.500000
-18.753000, -11.763000, -147.078000, 2171.500000
-18.929000, -12.035000, -147.078000, 2159.000000
-19.211000, -12.470000, -147.078000, 2171.500000
-19.408000, -12.774000, -146.964000, 2140.500000
-19.520000, -12.946000, -146.735000, 2097.500000
-19.589000, -13.050000, -146.620000, 2088.500000
-19.624000, -13.104000, -146.620000, 2042.000000
-19.636000, -13.122000, -146.620000, 1974.000000
-19.633000, -13.116000, -146.563000, 1974.000000
-19.633000, -13.116000, -146.563000, 1638.500000
-19.633000, -13.116000, -146.563000, 1220.000000
-19.633000, -13.116000, -146.563000, 139.000000
-19.605000, -13.074000, -146.620000, 6.000000
-19.564000, -13.013000, -146.677000, -6.000000
-19.524000, -12.952000, -146.735000, -3.000000
-19.496000, -12.909000, -146.792000, -3.000000
-19.473000, -12.873000, -146.792000, -3.000000
-19.457000, -12.849000, -146.792000, 0.000000
-19.453000, -12.843000, -146.792000, 3.000000
-19.456000, -12.848000, -146.849000, 6.000000
-19.456000, -12.848000, -146.849000, 3.000000
-19.456000, -12.848000, -146.849000, 0.000000
-19.456000, -12.848000, -146.849000, -3.000000
-19.456000, -12.848000, -146.849000, 0.000000
-19.456000, -12.848000, -146.849000, 6.000000
-19.456000, -12.848000, -146.849000, 3.000000
-19.456000, -12.848000, -146.849000, 0.000000
-19.456000, -12.848000, -146.849000, 3.000000
-19.456000, -12.848000, -146.849000, 0.000000
-19.456000, -12.848000, -146.849000, 0.000000
-19.456000, -12.848000, -146.849000, -3.000000
-19.456000, -12.848000, -146.849000, 0.000000
-19.456000, -12.848000, -146.849000, 0
endData