0.000000, 0.000000, 0.000000, 3.000000
-0.000000, -0.006000, 0.057000, -3.000000
-0.000000, 0.006000, -0.057000, 6.000000
-0.000000, 0.006000, -0.057000, 3.000000
-0.000000, 0.006000, -0.057000, 3.000000
-0.000000, 0.006000, -0.057000, 0.000000
0.000000, 0.000000, 0.000000, 0.000000
-0.000000, 0.006000, -0.057000, 0.000000
-0.000000, 0.006000, -0.057000, 3.000000
-0.000000, -0.006000, 0.057000, 3.000000
-0.000000, 0.006000, -0.057000, -3.000000
0.000000, 0.000000, 0.000000, -3.000000
-0.000000, -0.006000, 0.057000, 0.000000
-0.000000, 0.006000, -0.057000, 0.000000
-0.000000, 0.006000, -0.057000, 3.000000
0.000000, 0.000000, 0.000000, -3.000000
-0.000000, 0.006000, -0.057000, -3.000000
-0.000000, 0.006000, -0.057000, -3.000000
0.000000, 0.000000, 0.000000, 0.000000
0.000000, 0.000000, 0.000000, -3.000000
-0.000000, 0.006000, -0.057000, -3.000000
0.000000, 0.000000, 0.000000, 3.000000
0.000000, 0.000000, 0.000000, 0.000000
0.000000, 0.000000, 0.000000, 0.000000
0.000000, 0.000000, 0.000000, 0.000000
-0.000000, 0.006000, -0.057000, -3.000000
0.000000, 0.000000, 0.000000, 0.000000
0.000000, 0.000000, 0.000000, 0.000000
0.000000, 0.000000, 0.000000, -3.000000
-0.000000, 0.006000, -0.057000, 3.000000
-0.000000, 0.006000, -0.057000, 3.000000
-0.000000, 0.006000, -0.057000, 0.000000
0.000000, 0.000000, 0.000000, 0.000000
-0.000000, 0.006000, -0.057000, 0.000000
-0.000000, 0.006000, -0.057000, 3.000000
-0.000000, -0.006000, 0.057000, 3.000000
-0.000000, 0.006000, -0.057000, -3.000000
0.000000, 0.000000, 0.000000, -3.000000
-0.000000, -0.006000, 0.057000, 0.000000
-0.000000, 0.006000, -0.057000, 0.000000
-0.000000, 0.006000, -0.057000, 3.000000
-0.000000, 0.006000, -0.057000, 3.000000
-0.000000, 0.006000, -0.057000, 0.000000
0.000000, 0.000000, 0.000000, 0.000000
-0.000000, 0.006000, -0.057000, 0.000000
-0.000000, 0.006000, -0.057000, 3.000000
-0.000000, -0.006000, 0.057000, 3.000000
-0.000000, 0.006000, -0.057000, -3.000000
0.000000, 0.000000, 0.000000, -3.000000
-0.000000, -0.006000, 0.057000, 0.000000
-0.000000, 0.006000, -0.057000, 0.000000
0.000000, -0.007000, 0.000000, -681.000000
0.000000, -0.173000, 0.000000, -1041.000000
0.000000, -0.210000, -0.057000, -1062.500000
0.000000, -0.274000, 0.000000, -1207.500000
0.000000, -0.331000, 0.000000, -1207.000000
0.000000, -0.389000, 0.000000, -1262.500000
0.000000, -0.416000, 0.115000, -1278.500000
-0.001000, -0.530000, 0.630000, -1417.000000
-0.001000, -0.564000, 0.745000, -1389.000000
-0.004000, -0.691000, 1.318000, -1503.000000
-0.008000, -0.832000, 1.948000, -1527.500000
-0.015000, -1.017000, 2.922000, -1533.500000
-0.026000, -1.197000, 3.782000, -1706.000000
-0.050000, -1.504000, 5.157000, -1863.500000
-0.070000, -1.713000, 5.959000, -1903.500000
-0.115000, -2.086000, 7.620000, -2097.500000
-0.161000, -2.408000, 8.824000, -2193.000000
-0.227000, -2.802000, 10.371000, -2205.000000
-0.326000, -3.299000, 11.918000, -2100.500000
-0.400000, -3.636000, 12.834000, -2091.000000
-0.518000, -4.138000, 13.465000, -2103.500000
-0.617000, -4.546000, 13.751000, -2103.500000
-0.728000, -4.998000, 13.866000, -2088.500000
-0.820000, -5.370000, 13.808000, -2110.000000
-0.945000, -5.880000, 13.808000, -2100.500000
-1.029000, -6.223000, 13.808000, -2217.500000
-1.146000, -6.692000, 14.152000, -2143.500000
-1.253000, -7.111000, 14.553000, -2180.500000
-1.368000, -7.546000, 15.241000, -2239.500000
-1.473000, -7.921000, 16.043000, -2242.000000
-1.635000, -8.462000, 17.189000, -2131.500000
-1.757000, -8.843000, 18.220000, -2261.000000
-1.961000, -9.437000, 19.824000, -2239.500000
-2.120000, -9.864000, 21.028000, -2251.500000
-2.335000, -10.403000, 22.517000, -2159.000000
-2.554000, -10.916000, 23.606000, -2159.000000
-2.876000, -11.634000, 24.752000, -2113.000000
-3.071000, -12.054000, 25.096000, -2115.500000
-3.257000, -12.448000, 25.267000, -2116.000000
-3.472000, -12.902000, 25.382000, -2116.000000
-3.660000, -13.298000, 25.439000, -2107.000000
-3.842000, -13.683000, 25.382000, -2110.000000
-4.049000, -14.118000, 25.382000, -2103.500000
-4.222000, -14.483000, 25.382000, -2103.500000
-4.466000, -14.995000, 25.439000, -2103.500000
-4.617000, -15.313000, 25.497000, -2110.000000
-4.859000, -15.819000, 25.554000, -2100.500000
-5.023000, -16.164000, 25.497000, -2103.500000
-5.231000, -16.600000, 25.497000, -2110.000000
-5.427000, -17.010000, 25.439000, -2230.000000
-5.670000, -17.527000, 24.809000, -2217.500000
-5.857000, -17.939000, 24.064000, -2245.500000
-6.060000, -18.406000, 22.861000, -2242.000000
-6.239000, -18.843000, 21.715000, -2245.500000
-6.436000, -19.358000, 20.168000, -500.000000
-6.564000, -19.717000, 18.908000, -500.000000
-6.736000, -20.244000, 17.131000, -500.000000
-6.844000, -20.614000, 15.584000, -500.000000
-6.957000, -21.037000, 14.381000, -500.000000
-7.065000, -21.465000, 13.808000, -500.000000
-7.184000, -21.961000, 13.407000, -500.000000
-7.260000, -22.279000, 13.293000, -500.000000
-7.367000, -22.735000, 13.235000, -500.000000
-7.442000, -23.053000, 13.063000, -500.000000
-7.518000, -23.387000, 12.834000, -500.000000
-7.577000, -23.648000, 12.720000, -500.000000
-7.613000, -23.807000, 12.490000, -9.000000
-7.617000, -23.824000, 12.261000, -12.000000
-7.637000, -23.916000, 12.261000, -3.000000
-7.640000, -23.930000, 12.261000, -3.000000
-7.640000, -23.930000, 12.261000, 6.000000
-7.641000, -23.936000, 12.319000, 3.000000
-7.640000, -23.930000, 12.261000, -3.000000
-7.638000, -23.924000, 12.204000, 0.000000
-7.640000, -23.930000, 12.261000, 0.000000
-7.641000, -23.936000, 12.319000, 3.000000
-7.640000, -23.930000, 12.261000, -3.000000
-7.640000, -23.930000, 12.261000, 0.000000
-7.640000, -23.930000, 12.261000, 0.000000
-7.637000, -23.918000, 12.147000, 3.000000
-7.640000, -23.930000, 12.261000, 3.000000
-7.640000, -23.930000, 12.261000, -6.000000
-7.640000, -23.930000, 12.261000, -6.000000
-7.638000, -23.924000, 12.204000, 0.000000
-7.638000, -23.924000, 12.204000, 0.000000
-7.638000, -23.924000, 12.204000, 3.000000
-7.638000, -23.924000, 12.204000, -6.000000
-7.638000, -23.924000, 12.204000, 0.000000
-7.638000, -23.924000, 12.204000, 0.000000
-7.638000, -23.924000, 12.204000, 0.000000
-7.638000, -23.924000, 12.204000, 0.000000
-7.611000, -23.796000, 12.261000, 0.000000
-7.610000, -23.793000, 12.433000, -12.500000
-7.613000, -23.806000, 12.548000, -9.000000
-7.613000, -23.806000, 12.548000, -9.000000
-7.613000, -23.806000, 12.548000, -12.500000
-7.613000, -23.806000, 12.548000, -9.000000
-7.610000, -23.792000, 12.548000, -18.500000
-7.610000, -23.792000, 12.548000, -18.500000
-7.611000, -23.796000, 12.720000, -9.000000
-7.613000, -23.808000, 12.834000, -3.000000
-7.613000, -23.806000, 12.949000, -6.000000
-7.611000, -23.798000, 13.006000, -9.000000
-7.614000, -23.810000, 13.121000, -6.000000
-7.615000, -23.817000, 13.178000, -6.000000
-7.617000, -23.823000, 13.235000, -6.500000
-7.615000, -23.816000, 13.235000, -12.500000
-7.614000, -23.809000, 13.235000, -9.500000
-7.615000, -23.815000, 13.293000, 9.500000
-7.612000, -23.801000, 13.293000, -12.000000
-7.611000, -23.797000, 13.522000, -12.500000
-7.613000, -23.807000, 13.751000, -9.500000
-7.617000, -23.823000, 14.095000, -12.500000
-7.621000, -23.838000, 14.439000, -18.500000
-7.626000, -23.855000, 15.126000, -15.500000
-7.627000, -23.861000, 15.584000, -52.500000
-7.640000, -23.904000, 16.845000, -12.500000
-7.644000, -23.918000, 18.105000, -18.500000
-7.663000, -23.970000, 19.996000, -21.500000
-7.665000, -23.977000, 21.715000, -15.500000
-7.692000, -24.041000, 24.064000, -12.000000
-7.704000, -24.065000, 26.757000, -15.000000
-7.713000, -24.083000, 29.049000, -15.500000
-7.750000, -24.146000, 32.028000, -18.500000
-7.766000, -24.172000, 34.492000, -18.500000
-7.826000, -24.253000, 38.445000, -3.000000
-7.823000, -24.250000, 40.394000, 30.500000
-7.875000, -24.308000, 44.404000, -15.500000
-7.894000, -24.326000, 47.154000, 30.500000
-7.944000, -24.370000, 50.535000, 37.000000
-7.959000, -24.381000, 53.342000, 33.500000
-7.993000, -24.405000, 56.895000, 37.000000
-8.027000, -24.426000, 59.702000, 27.500000
-8.123000, -24.478000, 63.942000, -15.000000
-8.154000, -24.492000, 66.692000, 43.000000
-8.198000, -24.508000, 69.958000, 37.000000
-8.207000, -24.511000, 72.422000, 43.000000
-8.229000, -24.518000, 75.401000, 49.500000
-8.255000, -24.524000, 77.693000, 30.500000
-8.280000, -24.529000, 80.501000, 40.000000
-8.335000, -24.537000, 83.193000, 6.000000
-8.306000, -24.535000, 85.371000, 46.500000
-8.378000, -24.539000, 88.006000, 43.000000
-8.358000, -24.538000, 90.527000, 46.000000
-8.396000, -24.537000, 92.533000, 37.000000
-8.376000, -24.539000, 95.054000, -12.500000
-8.394000, -24.537000, 97.002000, -15.500000
-8.419000, -24.534000, 99.408000, -12.500000
-8.422000, -24.533000, 101.815000, -9.500000
-8.455000, -24.526000, 103.705000, -15.500000
-8.494000, -24.515000, 106.456000, -9.500000
-8.506000, -24.512000, 108.346000, -12.500000
-8.523000, -24.505000, 110.695000, -9.500000
-8.548000, -24.496000, 112.586000, -9.500000
-8.565000, -24.488000, 114.935000, -15.500000
-8.589000, -24.476000, 116.769000, -15.500000
-8.594000, -24.474000, 119.061000, -12.000000
-8.591000, -24.476000, 121.009000, -15.500000
-8.623000, -24.456000, 123.530000, 40.000000
-8.682000, -24.415000, 126.108000, 0.000000
-8.677000, -24.419000, 128.686000, -6.000000
-8.701000, -24.399000, 130.692000, 49.500000
-8.696000, -24.403000, 133.270000, -15.500000
-8.696000, -24.401000, 135.791000, -6.500000
-8.713000, -24.384000, 137.796000, -12.500000
-8.720000, -24.377000, 140.260000, 18.500000
-8.752000, -24.336000, 142.781000, 3.000000
-8.772000, -24.308000, 145.474000, -15.500000
-8.787000, -24.285000, 147.709000, 46.500000
-8.798000, -24.266000, 149.886000, 46.000000
-8.811000, -24.242000, 152.579000, 40.000000
-8.814000, -24.237000, 154.813000, 43.000000
-8.811000, -24.243000, 156.990000, 3.000000
-8.824000, -24.211000, 159.683000, 37.000000
-8.827000, -24.203000, 161.746000, -3.000000
-8.838000, -24.167000, 164.725000, -12.500000
-8.835000, -24.177000, 166.215000, -31.000000
-8.843000, -24.144000, 169.366000, -12.500000
-8.846000, -24.129000, 171.486000, 15.500000
-8.848000, -24.109000, 174.179000, 21.500000
-8.849000, -24.095000, 176.356000, -3.500000
-8.848000, -24.112000, 179.164000, 24.500000
-8.848000, -24.070000, 181.398000, 30.500000
-8.849000, -24.087000, 184.149000, 43.000000
-8.841000, -24.010000, 186.842000, 3.000000
-8.836000, -23.977000, 189.191000, -6.500000
-8.833000, -23.957000, 190.566000, -6.000000
-8.836000, -23.976000, 191.769000, 0.000000
-8.834000, -23.966000, 192.399000, -9.000000
-8.835000, -23.971000, 192.743000, -9.000000
-8.834000, -23.966000, 192.858000, -9.500000
-8.836000, -23.972000, 192.800000, -12.500000
-8.836000, -23.972000, 192.800000, -18.500000
-8.835000, -23.971000, 192.743000, 0.000000
-8.834000, -23.964000, 192.743000, 0.000000
-8.834000, -23.964000, 192.743000, -3.000000
-8.834000, -23.964000, 192.743000, -3.000000
-8.834000, -23.964000, 192.743000, -3.000000
-8.834000, -23.964000, 192.743000, 293.000000
-8.835000, -23.971000, 192.743000, 918.000000
-8.837000, -23.978000, 192.743000, 927.000000
-8.852000, -24.047000, 192.628000, 936.500000
-8.862000, -24.089000, 192.628000, 936.500000
-8.870000, -24.124000, 192.628000, 939.500000
-8.881000, -24.173000, 192.628000, 942.500000
-8.893000, -24.229000, 192.628000, 930.000000
-8.895000, -24.236000, 192.628000, 927.000000
-8.909000, -24.299000, 192.571000, 933.500000
-8.920000, -24.348000, 192.571000, 936.500000
-8.928000, -24.383000, 192.571000, 939.000000
-8.938000, -24.431000, 192.514000, 936.500000
-8.949000, -24.480000, 192.514000, 939.500000
-8.955000, -24.508000, 192.514000, 939.500000
-8.966000, -24.558000, 192.514000, 930.000000
-8.980000, -24.621000, 192.514000, 936.500000
-8.990000, -24.663000, 192.514000, 939.500000
-9.004000, -24.726000, 192.514000, 1025.500000
-9.018000, -24.790000, 192.514000, 1031.500000
-9.030000, -24.846000, 192.514000, 1044.000000
-9.050000, -24.936000, 192.457000, 1028.500000
-9.069000, -25.021000, 192.457000, 1047.500000
-9.087000, -25.104000, 192.399000, 1047.500000
-9.112000, -25.217000, 192.399000, 1053.500000
-9.135000, -25.321000, 192.342000, 1041.500000
-9.158000, -25.427000, 192.342000, 1041.000000
-9.183000, -25.538000, 192.285000, 1062.500000
-9.213000, -25.678000, 192.227000, 1056.500000
-9.234000, -25.776000, 192.170000, 1056.500000
-9.266000, -25.922000, 192.113000, 1059.500000
-9.288000, -26.028000, 192.113000, 1050.500000
-9.314000, -26.148000, 192.113000, 1050.500000
-9.332000, -26.233000, 192.170000, 1053.500000
-9.360000, -26.360000, 192.170000, 1047.000000
-9.378000, -26.444000, 192.170000, 1050.500000
-9.408000, -26.584000, 192.113000, 1062.500000
-9.432000, -26.697000, 192.113000, 1053.500000
-9.457000, -26.810000, 192.170000, 1047.000000
-9.478000, -26.909000, 192.170000, 1059.500000
-9.511000, -27.064000, 192.170000, 1056.500000
-9.534000, -27.169000, 192.170000, 1044.500000
-9.557000, -27.275000, 192.170000, 1053.500000
-9.584000, -27.401000, 192.170000, 1056.500000
-9.607000, -27.508000, 192.227000, 1044.500000
-9.638000, -27.649000, 192.227000, 1056.500000
-9.656000, -27.733000, 192.227000, 1059.500000
-9.691000, -27.894000, 192.170000, 1053.500000
-9.707000, -27.971000, 192.170000, 1225.500000
-9.720000, -28.031000, 191.941000, 1183.000000
-9.735000, -28.101000, 191.483000, 1201.000000
-9.760000, -28.231000, 190.795000, 1244.500000
-9.790000, -28.391000, 190.165000, 1219.500000
-9.825000, -28.598000, 189.363000, 1198.000000
-9.852000, -28.765000, 188.732000, 1238.500000
-9.882000, -28.973000, 187.930000, 1213.500000
-9.912000, -29.200000, 187.013000, 1210.000000
-9.930000, -29.355000, 186.383000, 1222.500000
-9.952000, -29.559000, 185.753000, 1241.500000
-9.969000, -29.730000, 185.237000, 1232.000000
-9.986000, -29.928000, 184.664000, 1133.500000
-10.000000, -30.109000, 184.321000, 1186.000000
-10.023000, -30.420000, 184.034000, 1232.000000
-10.035000, -30.603000, 183.805000, 1078.000000
-10.045000, -30.751000, 183.633000, 1210.500000
-10.049000, -30.818000, 183.347000, 1195.000000
-10.064000, -31.081000, 183.117000, 1229.000000
-10.073000, -31.258000, 183.003000, 1229.000000
-10.084000, -31.464000, 182.831000, 1259.500000
-10.089000, -31.577000, 182.716000, 1207.500000
-10.097000, -31.751000, 182.372000, 1247.000000
-10.107000, -32.010000, 181.914000, 1189.000000
-10.112000, -32.177000, 181.570000, 1210.500000
-10.116000, -32.348000, 181.055000, 1253.500000
-10.118000, -32.534000, 180.539000, 1198.500000
-10.119000, -32.789000, 179.851000, 1235.500000
-10.118000, -32.926000, 179.393000, 1189.000000
-10.115000, -33.142000, 178.992000, 1213.500000
-10.112000, -33.296000, 178.706000, 1247.500000
-10.105000, -33.552000, 178.133000, 1247.500000
-10.098000, -33.723000, 177.560000, 1192.000000
-10.091000, -33.873000, 177.044000, 1244.500000
-10.077000, -34.127000, 176.356000, 1247.500000
-10.066000, -34.286000, 175.955000, 1164.000000
-10.046000, -34.553000, 175.612000, 1229.000000
-10.039000, -34.650000, 175.440000, 1213.500000
-10.025000, -34.810000, 175.096000, 1247.500000
-10.008000, -35.004000, 174.695000, 1263.000000
-9.994000, -35.149000, 174.351000, 1173.500000
-9.971000, -35.382000, 174.179000, 1247.500000
-9.958000, -35.507000, 173.950000, 1186.000000
-9.950000, -35.574000, 173.664000, 1179.500000
-9.931000, -35.747000, 173.262000, 1210.500000
-9.908000, -35.934000, 172.919000, 1204.000000
-9.895000, -36.034000, 172.518000, 1182.500000
-9.885000, -36.107000, 172.174000, 1244.500000
-9.859000, -36.290000, 171.601000, 1216.500000
-9.836000, -36.444000, 170.971000, 1232.000000
-9.799000, -36.668000, 170.340000, 1182.500000
-9.766000, -36.859000, 169.882000, 1232.000000
-9.743000, -36.985000, 169.366000, 1176.500000
-9.722000, -37.092000, 168.965000, 1244.500000
-9.665000, -37.380000, 168.450000, 1232.000000
-9.634000, -37.529000, 168.106000, 1222.500000
-9.596000, -37.707000, 167.762000, 1260.000000
-9.578000, -37.788000, 167.590000, 1266.000000
-9.534000, -37.985000, 167.132000, 1281.500000
-9.506000, -38.105000, 166.788000, 1269.000000
-9.472000, -38.244000, 166.272000, 1343.000000
-9.410000, -38.496000, 165.871000, 1315.500000
-9.358000, -38.699000, 165.470000, 1272.500000
-9.325000, -38.823000, 164.955000, 1263.000000
-9.289000, -38.955000, 164.496000, 1284.000000
-9.220000, -39.198000, 163.694000, 1290.500000
-9.181000, -39.329000, 163.236000, 1287.500000
-9.100000, -39.588000, 162.262000, 1293.500000
-9.005000, -39.881000, 161.746000, 1331.000000
-8.919000, -40.140000, 161.230000, 1256.500000
-8.888000, -40.229000, 160.829000, 1266.000000
-8.841000, -40.363000, 160.314000, 1269.000000
-8.796000, -40.486000, 159.970000, 1287.500000
-8.705000, -40.731000, 159.225000, 1303.000000
-8.594000, -41.020000, 158.767000, 1299.500000
-8.523000, -41.200000, 158.308000, 1281.000000
-8.467000, -41.342000, 157.964000, 1259.500000
-8.399000, -41.507000, 157.449000, 1287.500000
-8.337000, -41.656000, 157.162000, 1272.000000
-8.263000, -41.829000, 156.761000, 1303.000000
-8.171000, -42.039000, 156.303000, 1318.500000
-8.028000, -42.365000, 156.074000, 1306.000000
-7.967000, -42.503000, 156.016000, 1293.500000
-7.887000, -42.681000, 156.074000, 1293.500000
-7.826000, -42.819000, 156.074000, 1287.500000
-7.764000, -42.957000, 156.074000, 1293.500000
-7.686000, -43.134000, 156.016000, 1290.500000
-7.633000, -43.253000, 156.016000, 1281.500000
-7.551000, -43.437000, 156.016000, 1309.000000
-7.487000, -43.582000, 156.016000, 1475.000000
-7.444000, -43.678000, 155.902000, 1380.000000
-7.413000, -43.746000, 155.615000, 1377.000000
-7.345000, -43.896000, 155.100000, 1404.500000
-7.269000, -44.056000, 154.527000, 1395.000000
-7.171000, -44.259000, 153.782000, 1404.500000
-7.046000, -44.508000, 152.751000, 1395.500000
-6.980000, -44.634000, 152.235000, 1389.500000
-6.856000, -44.864000, 151.089000, 1413.500000
-6.760000, -45.036000, 150.344000, 1404.500000
-6.641000, -45.240000, 149.370000, 1395.500000
-6.544000, -45.402000, 148.625000, 1401.500000
-6.411000, -45.615000, 147.709000, 1398.500000
-6.316000, -45.763000, 147.021000, 1389.000000
-6.183000, -45.965000, 145.990000, 1407.500000
-6.063000, -46.141000, 145.359000, 1395.500000
-5.926000, -46.337000, 144.615000, 1379.500000
-5.810000, -46.498000, 143.984000, 1373.500000
-5.648000, -46.718000, 143.068000, 1401.500000
-5.530000, -46.872000, 142.208000, 1355.000000
-5.362000, -47.085000, 141.177000, 1355.500000
-5.220000, -47.258000, 140.317000, 1167.500000
-5.056000, -47.452000, 139.171000, 1106.000000
-4.916000, -47.611000, 138.026000, 1007.500000
-4.773000, -47.766000, 136.880000, 918.000000
-4.529000, -48.017000, 134.531000, 671.500000
-4.421000, -48.123000, 134.531000, 933.000000
-4.370000, -48.174000, 134.531000, 992.000000
-4.344000, -48.199000, 134.588000, 1004.000000
-4.328000, -48.215000, 134.588000, 1050.000000
-4.299000, -48.243000, 134.416000, 1065.500000
-4.267000, -48.274000, 134.072000, 1118.000000
-4.249000, -48.291000, 133.843000, 1183.000000
-4.222000, -48.318000, 133.556000, 1130.500000
-4.198000, -48.341000, 133.385000, 1253.500000
-4.143000, -48.392000, 133.098000, 1253.500000
-4.084000, -48.447000, 132.812000, 1290.500000
-3.983000, -48.540000, 132.353000, 1272.000000
-3.879000, -48.634000, 131.723000, 1260.000000
-3.788000, -48.714000, 131.207000, 1278.000000
-3.667000, -48.819000, 130.462000, 1346.000000
-3.533000, -48.931000, 129.660000, 1330.500000
-3.436000, -49.010000, 128.973000, 1333.500000
-3.278000, -49.137000, 128.171000, 1263.000000
-3.029000, -49.330000, 127.655000, 1281.000000
-2.896000, -49.433000, 127.369000, 1250.500000
-2.770000, -49.529000, 127.369000, 1343.000000
-2.683000, -49.595000, 127.426000, 1349.000000
-2.557000, -49.691000, 127.426000, 1349.000000
-2.455000, -49.769000, 127.369000, 1503.000000
-2.312000, -49.879000, 127.426000, 1657.000000
-2.157000, -49.998000, 127.483000, 1645.000000
-2.031000, -50.095000, 127.483000, 1651.000000
-1.911000, -50.187000, 127.483000, 1642.000000
-1.722000, -50.331000, 127.483000, 1645.000000
-1.568000, -50.450000, 127.483000, 1648.000000
-1.414000, -50.568000, 127.483000, 1644.500000
-1.255000, -50.689000, 127.369000, 1706.500000
-1.112000, -50.798000, 126.967000, 1691.000000
-0.952000, -50.917000, 126.394000, 1712.500000
-0.724000, -51.082000, 125.535000, 1718.500000
-0.474000, -51.259000, 124.905000, 1654.000000
-0.196000, -51.451000, 124.446000, 1650.500000
-0.031000, -51.564000, 124.332000, 1654.000000
0.207000, -51.726000, 124.332000, 1737.000000
0.416000, -51.869000, 124.389000, 1660.000000
0.612000, -52.004000, 124.446000, 1663.000000
0.856000, -52.171000, 124.446000, 1660.000000
1.027000, -52.288000, 124.389000, 1675.500000
1.277000, -52.459000, 124.389000, 1657.000000
1.455000, -52.581000, 124.389000, 1660.000000
1.693000, -52.744000, 124.389000, 1657.000000
1.871000, -52.866000, 124.389000, 1654.000000
2.110000, -53.030000, 124.504000, 1660.000000
2.252000, -53.127000, 124.504000, 1660.000000
2.507000, -53.302000, 124.446000, 1657.000000
2.685000, -53.424000, 124.446000, 1660.000000
2.905000, -53.575000, 124.446000, 1657.000000
3.089000, -53.702000, 124.504000, 1657.000000
3.327000, -53.866000, 124.561000, 1654.000000
3.493000, -53.980000, 124.561000, 1660.000000
3.737000, -54.147000, 124.561000, 1654.000000
3.938000, -54.286000, 124.561000, 1848.000000
4.146000, -54.429000, 124.561000, 1891.000000
4.377000, -54.588000, 124.561000, 2122.000000
4.655000, -54.780000, 124.561000, 2125.000000
7.275000, -56.582000, 124.847000, -3.000000
7.275000, -56.582000, 124.847000, -3.000000
7.275000, -56.582000, 124.847000, 0.000000
7.275000, -56.582000, 124.847000, -3.000000
7.275000, -56.582000, 124.847000, 0.000000
7.275000, -56.582000, 124.847000, 3.000000
7.275000, -56.582000, 124.847000, 3.000000
7.275000, -56.582000, 124.847000, -3.000000
7.275000, -56.582000, 124.847000, -3.000000
7.275000, -56.582000, 124.847000, 0.000000
7.275000, -56.582000, 124.847000, 3.000000
7.275000, -56.582000, 124.847000, 0.000000
7.275000, -56.582000, 124.847000, -3.000000
7.275000, -56.582000, 124.847000, 6.000000
7.275000, -56.582000, 124.847000, 0.000000
7.275000, -56.582000, 124.847000, -3.000000
7.275000, -56.582000, 124.847000, 0.000000
7.275000, -56.582000, 124.847000, 0.000000
7.275000, -56.582000, 124.847000, 0.000000
7.275000, -56.582000, 124.847000, -3.000000
7.270000, -56.579000, 124.905000, -585.500000
7.158000, -56.501000, 124.905000, -982.500000
7.069000, -56.439000, 124.905000, -1068.500000
7.033000, -56.414000, 124.847000, -1056.500000
6.998000, -56.389000, 124.847000, -1056.500000
6.956000, -56.360000, 124.847000, -1136.500000
6.927000, -56.340000, 124.847000, -1112.000000
6.891000, -56.315000, 124.847000, -1201.000000
6.868000, -56.298000, 124.847000, -1056.500000
6.850000, -56.286000, 124.847000, -1050.500000
6.820000, -56.265000, 124.847000, -1201.000000
6.779000, -56.237000, 124.847000, -1192.000000
6.732000, -56.204000, 124.847000, -1198.000000
6.685000, -56.171000, 124.847000, -1066.000000
6.631000, -56.134000, 124.847000, -1066.000000
6.578000, -56.097000, 124.847000, -1062.500000
6.531000, -56.064000, 124.847000, -1182.500000
6.466000, -56.019000, 124.847000, -1066.000000
6.407000, -55.978000, 124.847000, -1078.000000
6.343000, -55.933000, 124.905000, -1066.000000
6.259000, -55.875000, 124.847000, -1081.000000
6.200000, -55.833000, 124.847000, -1106.000000
6.106000, -55.768000, 124.905000, -1210.500000
6.030000, -55.715000, 124.905000, -1075.000000
5.929000, -55.645000, 124.905000, -1084.000000
5.828000, -55.574000, 124.847000, -1158.000000
5.703000, -55.487000, 124.790000, -1081.000000
5.625000, -55.433000, 124.733000, -1158.000000
5.500000, -55.347000, 124.676000, -1087.500000
5.412000, -55.285000, 124.676000, -1214.000000
5.294000, -55.204000, 124.733000, -1318.000000
5.199000, -55.138000, 124.733000, -1290.500000
5.064000, -55.044000, 124.790000, -1318.000000
4.981000, -54.987000, 124.790000, -1262.500000
4.845000, -54.892000, 124.790000, -1321.000000
4.739000, -54.818000, 124.790000, -1297.000000
4.609000, -54.728000, 124.790000, -1321.500000
4.496000, -54.650000, 124.790000, -1294.000000
4.360000, -54.555000, 124.733000, -1247.000000
4.253000, -54.481000, 124.733000, -1305.500000
4.111000, -54.383000, 124.733000, -1312.000000
4.005000, -54.309000, 124.733000, -1247.000000
3.954000, -54.274000, 124.905000, -1204.000000
3.923000, -54.252000, 125.249000, -1204.000000
3.773000, -54.145000, 125.822000, -1235.500000
3.669000, -54.069000, 126.337000, -1210.500000
3.488000, -53.934000, 127.082000, -1263.000000
3.370000, -53.844000, 127.655000, -1272.000000
3.205000, -53.715000, 128.457000, -1266.000000
3.040000, -53.582000, 129.145000, -1139.500000
2.904000, -53.470000, 129.832000, -1266.000000
2.757000, -53.347000, 130.405000, -1222.500000
2.637000, -53.244000, 130.864000, -1293.500000
2.482000, -53.108000, 131.437000, -1263.000000
2.374000, -53.012000, 131.895000, -1263.000000
2.211000, -52.864000, 132.468000, -1269.000000
2.095000, -52.757000, 132.926000, -1275.000000
1.954000, -52.625000, 133.442000, -1228.500000
1.849000, -52.525000, 133.843000, -1146.000000
1.697000, -52.377000, 134.473000, -1161.500000
1.593000, -52.274000, 134.817000, -1398.500000
1.447000, -52.128000, 135.390000, -1435.000000
1.326000, -52.004000, 135.791000, -1429.000000
1.188000, -51.861000, 136.364000, -1438.500000
1.050000, -51.715000, 136.822000, -1377.000000
0.878000, -51.530000, 137.682000, -1423.000000
0.768000, -51.407000, 138.140000, -1382.500000
0.592000, -51.208000, 139.057000, -1444.500000
0.454000, -51.047000, 139.744000, -1376.500000
0.293000, -50.854000, 140.661000, -1441.000000
0.169000, -50.701000, 141.349000, -1330.500000
-0.041000, -50.434000, 142.151000, -1371.000000
-0.291000, -50.109000, 142.609000, -1460.000000
-0.407000, -49.956000, 142.724000, -1441.500000
-0.578000, -49.732000, 142.666000, -2525.500000
-0.736000, -49.525000, 142.609000, -3003.000000
-0.921000, -49.283000, 142.495000, -3012.500000
-1.181000, -48.946000, 142.437000, -3033.500000
-1.440000, -48.609000, 142.380000, -3040.000000
-1.705000, -48.265000, 142.265000, -2898.500000
-2.055000, -47.814000, 142.151000, -3015.000000
-2.369000, -47.410000, 142.094000, -2941.500000
-2.681000, -47.011000, 141.979000, -2864.000000
-3.118000, -46.454000, 141.807000, -2790.500000
-3.417000, -46.074000, 141.750000, -2852.000000
-3.802000, -45.584000, 141.922000, -2843.000000
-4.104000, -45.196000, 142.265000, -2849.000000
-4.483000, -44.702000, 142.896000, -2889.000000
-4.829000, -44.238000, 143.583000, -2790.500000
-5.297000, -43.593000, 144.615000, -2889.000000
-5.685000, -43.038000, 145.474000, -2799.500000
-6.029000, -42.528000, 146.563000, -2874.000000
-6.408000, -41.943000, 147.479000, -3028.000000
-6.737000, -41.415000, 148.625000, -2867.500000
-7.137000, -40.744000, 149.714000, -2864.500000
-7.398000, -40.290000, 150.688000, -2867.500000
-7.783000, -39.587000, 151.834000, -2913.500000
-8.054000, -39.071000, 152.751000, -2867.500000
-8.377000, -38.426000, 153.954000, -3046.000000
-8.627000, -37.901000, 154.928000, -2852.000000
-8.973000, -37.135000, 156.360000, -2824.500000
-9.225000, -36.550000, 156.990000, -2852.000000
-9.549000, -35.766000, 157.964000, -2809.000000
-9.751000, -35.263000, 158.251000, -2796.500000
-9.991000, -34.658000, 158.480000, -2805.500000
-10.197000, -34.135000, 158.480000, -2892.000000
-10.472000, -33.439000, 158.480000, -2904.500000
-10.732000, -32.781000, 158.423000, -2882.500000
-10.950000, -32.234000, 158.022000, -2904.500000
-11.220000, -31.576000, 157.277000, -2984.500000
-11.448000, -31.051000, 155.730000, -2331.500000
-11.767000, -30.379000, 153.438000, -1989.500000
-11.928000, -30.071000, 151.146000, -1167.500000
-11.620000, -31.153000, 164.439000, -52.500000
-11.786000, -30.516000, 165.986000, -31.000000
-11.901000, -30.048000, 166.444000, -21.500000
-11.943000, -29.872000, 166.387000, -12.000000
-11.971000, -29.756000, 166.158000, -3.000000
-11.973000, -29.748000, 166.100000, -3.000000
-11.975000, -29.742000, 166.158000, 0.000000
-11.974000, -29.743000, 166.215000, -3.000000
-11.974000, -29.743000, 166.215000, 0.000000
-11.974000, -29.743000, 166.215000, 3.000000
-11.945000, -29.862000, 166.215000, -9.000000
-11.987000, -29.693000, 166.158000, -12.500000
-11.999000, -29.644000, 166.100000, 3.000000
-12.000000, -29.642000, 165.986000, 3.500000
-12.000000, -29.642000, 165.986000, 9.500000
-12.001000, -29.635000, 165.986000, 9.500000
-12.001000, -29.634000, 165.929000, 9.500000
-12.003000, -29.627000, 165.929000, 6.500000
-12.003000, -29.626000, 165.871000, 6.500000
-12.003000, -29.626000, 165.871000, 6.000000
-12.003000, -29.626000, 165.871000, 9.500000
-12.003000, -29.626000, 165.871000, 6.500000
-12.003000, -29.626000, 165.871000, 3.000000
-12.005000, -29.619000, 165.871000, 6.000000
-12.004000, -29.625000, 165.814000, 6.000000
-12.005000, -29.618000, 165.814000, 12.500000
-12.005000, -29.618000, 165.814000, 6.000000
-12.005000, -29.618000, 165.814000, 9.000000
-12.005000, -29.618000, 165.814000, 12.000000
-12.005000, -29.618000, 165.814000, 9.000000
-12.005000, -29.618000, 165.814000, 3.000000
-12.005000, -29.618000, 165.814000, 6.000000
-12.005000, -29.618000, 165.814000, 6.000000
-12.005000, -29.618000, 165.814000, 6.000000
-12.005000, -29.618000, 165.814000, 9.500000
-12.007000, -29.610000, 165.757000, 12.000000
-12.013000, -29.586000, 165.585000, 3.000000
-12.014000, -29.583000, 165.356000, 6.500000
-12.014000, -29.585000, 165.069000, 9.500000
-12.020000, -29.561000, 164.897000, 0.000000
-12.022000, -29.556000, 164.553000, 6.000000
-12.024000, -29.546000, 164.382000, 12.500000
-12.029000, -29.530000, 163.809000, 12.500000
-12.028000, -29.534000, 163.178000, 34.000000
-12.029000, -29.531000, 162.147000, 0.000000
-12.029000, -29.530000, 161.173000, 12.500000
-12.022000, -29.548000, 159.340000, 25.000000
-12.031000, -29.525000, 158.251000, 15.500000
-12.010000, -29.574000, 155.845000, 12.500000
-12.011000, -29.572000, 153.954000, 15.500000
-11.990000, -29.611000, 151.375000, -6.000000
-11.990000, -29.610000, 149.198000, 21.500000
-11.988000, -29.614000, 146.391000, 12.500000
-11.966000, -29.647000, 144.042000, 6.000000
-11.969000, -29.642000, 141.062000, 12.000000
-11.928000, -29.691000, 137.510000, 9.500000
-11.954000, -29.664000, 135.734000, 12.000000
-11.919000, -29.699000, 132.181000, 12.500000
-11.917000, -29.701000, 129.775000, 15.500000
-11.901000, -29.714000, 126.681000, 15.500000
-11.894000, -29.719000, 124.103000, 12.000000
-11.891000, -29.721000, 120.837000, 18.500000
-11.848000, -29.746000, 118.201000, -6.500000
-11.774000, -29.783000, 114.993000, 6.000000
-11.765000, -29.787000, 113.847000, -12.500000
-11.735000, -29.800000, 113.159000, -6.000000
-11.721000, -29.806000, 113.216000, 6.000000
-11.713000, -29.809000, 113.331000, 0.000000
-11.719000, -29.807000, 113.388000, 3.000000
-11.719000, -29.807000, 113.388000, -6.000000
-11.719000, -29.807000, 113.388000, 0.000000
-11.719000, -29.807000, 113.388000, 0.000000
-11.700000, -29.815000, 113.331000, -3.000000
-11.699000, -29.816000, 113.388000, 3.000000
-11.705000, -29.813000, 113.446000, -3.000000
-11.710000, -29.811000, 113.503000, -3.000000
-11.693000, -29.818000, 113.331000, 0.000000
-11.699000, -29.816000, 113.388000, 0.000000
-11.703000, -29.814000, 113.560000, 631.500000
-11.553000, -29.879000, 113.446000, 951.500000
-11.421000, -29.936000, 113.388000, 1158.000000
-11.341000, -29.971000, 113.446000, 1167.500000
-11.274000, -30.000000, 113.503000, 1173.500000
-11.228000, -30.020000, 113.503000, 1256.500000
-11.142000, -30.057000, 113.503000, 1272.000000
-11.043000, -30.100000, 113.503000, 1272.000000
-10.958000, -30.138000, 113.503000, 1266.000000
-10.853000, -30.183000, 113.446000, 1278.000000
-10.721000, -30.240000, 113.446000, 1281.000000
-10.622000, -30.283000, 113.446000, 1281.000000
-10.489000, -30.341000, 113.503000, 1373.500000
-10.343000, -30.405000, 113.560000, 1506.000000
-10.211000, -30.462000, 113.560000, 1706.500000
-10.032000, -30.540000, 113.560000, 1804.500000
-9.802000, -30.640000, 113.503000, 1832.500000
-9.623000, -30.718000, 113.560000, 1844.500000
-9.346000, -30.839000, 113.560000, 1977.500000
-9.095000, -30.948000, 113.560000, 2002.000000
-8.792000, -31.081000, 113.560000, 2088.500000
-8.521000, -31.199000, 113.560000, 1998.500000
-8.151000, -31.360000, 113.560000, 2082.500000
-7.901000, -31.469000, 113.560000, 2005.000000
-7.524000, -31.634000, 113.618000, 2091.500000
-7.220000, -31.767000, 113.618000, 2005.000000
-6.856000, -31.926000, 113.732000, 2103.500000
-6.540000, -32.066000, 113.732000, 2063.500000
-6.118000, -32.251000, 113.732000, 2088.500000
-5.847000, -32.370000, 113.789000, 2079.000000
-5.424000, -32.557000, 113.847000, 2014.000000
-5.054000, -32.721000, 113.961000, 2106.500000
-4.751000, -32.856000, 114.019000, 2011.000000
-4.323000, -33.047000, 114.019000, 2116.000000
-4.041000, -33.173000, 114.019000, 2079.000000
-3.594000, -33.371000, 113.961000, 2091.500000
-3.260000, -33.519000, 113.847000, 2122.000000
-2.866000, -33.693000, 113.789000, 2119.000000
-2.517000, -33.847000, 113.789000, 2128.500000
-2.095000, -34.033000, 113.789000, 2125.500000
-1.786000, -34.170000, 113.789000, 2119.000000
-1.357000, -34.359000, 113.847000, 2125.000000
-1.007000, -34.514000, 113.904000, 2134.000000
-0.599000, -34.695000, 113.904000, 2100.500000
-0.256000, -34.847000, 113.904000, 2113.000000
0.171000, -35.036000, 113.904000, 2134.500000
0.494000, -35.179000, 113.904000, 2100.500000
0.954000, -35.383000, 113.847000, 2128.500000
1.316000, -35.543000, 113.847000, 1826.500000
1.711000, -35.717000, 113.847000, 1592.000000
1.291000, -34.060000, 113.847000, 409.500000
2.198000, -35.933000, 113.789000, 18.000000
2.403000, -36.023000, 113.904000, 12.000000
2.536000, -36.082000, 113.961000, 9.000000
2.616000, -36.118000, 114.019000, 0.000000
2.622000, -36.121000, 114.019000, -6.000000
2.622000, -36.121000, 114.019000, 3.000000
2.622000, -36.121000, 114.019000, 0.000000
2.622000, -36.121000, 114.019000, -3.000000
2.622000, -36.121000, 114.019000, -3.000000
2.617000, -36.118000, 114.076000, -3.000000
2.628000, -36.123000, 113.961000, 0.000000
2.617000, -36.118000, 114.076000, 0.000000
2.622000, -36.121000, 114.019000, 3.000000
2.622000, -36.121000, 114.019000, 0.000000
2.622000, -36.121000, 114.019000, 0.000000
2.617000, -36.118000, 114.076000, 3.000000
2.627000, -36.123000, 113.904000, 0.000000
2.644000, -36.130000, 113.732000, 0.000000
2.627000, -36.123000, 113.904000, 0.000000
2.604000, -36.113000, 114.133000, 6.000000
2.597000, -36.109000, 114.076000, 0
2.498000, -36.065000, 114.076000, 0
2.485000, -36.059000, 114.076000, 0
2.471000, -36.053000, 114.019000, 0
2.452000, -36.045000, 114.076000, 0
2.458000, -36.047000, 114.019000, 0
2.446000, -36.042000, 114.076000, 0
2.438000, -36.038000, 114.019000, 0
2.426000, -36.033000, 114.076000, -853.000000
2.426000, -36.033000, 114.076000, -958.000000
2.413000, -36.027000, 114.076000, -951.500000
2.406000, -36.024000, 114.076000, -955.000000
2.380000, -36.012000, 114.076000, -964.000000
2.373000, -36.010000, 114.076000, -955.000000
2.347000, -35.998000, 114.076000, -964.000000
2.346000, -35.997000, 114.019000, -1053.500000
2.314000, -35.983000, 114.076000, -1053.500000
2.288000, -35.971000, 114.076000, -1063.000000
2.262000, -35.960000, 114.076000, -1066.000000
2.229000, -35.945000, 114.076000, -1060.000000
2.196000, -35.930000, 114.076000, -1059.500000
2.143000, -35.907000, 114.076000, -1066.000000
2.104000, -35.889000, 114.076000, -1069.000000
2.045000, -35.863000, 114.076000, -1066.000000
1.985000, -35.836000, 114.076000, -1069.000000
1.913000, -35.804000, 114.076000, -1062.500000
1.828000, -35.766000, 114.076000, -1072.000000
1.742000, -35.728000, 114.076000, -1069.000000
1.637000, -35.681000, 114.076000, -1081.000000
1.552000, -35.642000, 114.076000, -1072.000000
1.453000, -35.598000, 114.076000, -1078.000000
1.354000, -35.554000, 114.076000, -1081.000000
1.216000, -35.493000, 114.076000, -1090.000000
1.118000, -35.449000, 114.076000, -1087.000000
0.980000, -35.387000, 114.076000, -1090.000000
0.875000, -35.340000, 114.076000, -1078.000000
0.742000, -35.281000, 114.019000, -1093.000000
0.624000, -35.228000, 114.019000, -1093.500000
0.446000, -35.149000, 114.019000, -1047.500000
0.325000, -35.095000, 113.847000, -1068.500000
0.147000, -35.017000, 113.388000, -1062.500000
0.001000, -34.954000, 112.930000, -1075.000000
-0.133000, -34.898000, 112.414000, -1071.500000
-0.265000, -34.845000, 111.669000, -1065.500000
-0.377000, -34.802000, 110.925000, -1069.000000
-0.539000, -34.741000, 110.065000, -1075.000000
-0.624000, -34.711000, 109.378000, -1069.000000
-0.794000, -34.652000, 108.518000, -1074.500000
-0.901000, -34.617000, 107.831000, -1016.500000
-1.018000, -34.580000, 106.914000, -1068.500000
-1.134000, -34.546000, 106.112000, -1074.500000
-1.258000, -34.511000, 104.909000, -1072.000000
-1.364000, -34.483000, 104.336000, -1065.500000
-1.482000, -34.455000, 103.075000, -1065.500000
-1.602000, -34.428000, 102.216000, -1075.000000
-1.731000, -34.401000, 101.184000, -1071.500000
-1.850000, -34.378000, 100.382000, -1068.500000
-2.015000, -34.349000, 99.408000, -1065.500000
-2.099000, -34.336000, 98.663000, -1065.500000
-2.256000, -34.313000, 97.747000, -1044.000000
-2.357000, -34.301000, 96.830000, -1068.500000
-2.472000, -34.287000, 95.913000, -1022.500000
-2.592000, -34.276000, 95.168000, -1068.500000
-2.750000, -34.263000, 94.252000, -1038.000000
-2.835000, -34.257000, 93.507000, -1072.000000
-2.996000, -34.248000, 92.418000, -1069.000000
-3.119000, -34.244000, 91.559000, -1065.500000
-3.244000, -34.242000, 90.527000, -1068.500000
-3.386000, -34.242000, 89.782000, -1074.500000
-3.522000, -34.244000, 88.522000, -1078.000000
-3.623000, -34.247000, 87.605000, -1072.000000
-3.806000, -34.257000, 86.574000, -1019.500000
-3.957000, -34.267000, 85.657000, -1065.500000
-4.069000, -34.276000, 84.970000, -1068.500000
-4.205000, -34.289000, 84.110000, -1068.500000
-4.313000, -34.301000, 83.193000, -1071.500000
-4.454000, -34.319000, 82.449000, -1044.000000
-4.541000, -34.331000, 81.475000, -1059.500000
-4.685000, -34.354000, 80.501000, -961.000000
-4.749000, -34.365000, 79.641000, -982.500000
-4.885000, -34.391000, 78.667000, -976.500000
-4.862000, -34.386000, 77.922000, -9.000000
-4.795000, -34.371000, 77.292000, 58.500000
-4.876000, -34.390000, 77.063000, 24.500000
-4.974000, -34.412000, 77.063000, -3.500000
-4.993000, -34.417000, 77.177000, 0.000000
-4.986000, -34.415000, 77.177000, 0.000000
-4.986000, -34.415000, 77.177000, 0.000000
-4.986000, -34.415000, 77.177000, 6.500000
-4.993000, -34.417000, 77.177000, -3.000000
-4.986000, -34.415000, 77.177000, -3.000000
-4.993000, -34.417000, 77.177000, 6.500000
-4.986000, -34.415000, 77.177000, 3.000000
-4.993000, -34.417000, 77.177000, -6.000000
-4.987000, -34.415000, 77.120000, 25.000000
-4.993000, -34.417000, 77.177000, 6.500000
-4.987000, -34.415000, 77.120000, 3.000000
-4.993000, -34.417000, 77.177000, 6.000000
-4.987000, -34.415000, 77.120000, 3.000000
-4.994000, -34.417000, 77.120000, 0.000000
-4.994000, -34.417000, 77.120000, 3.500000
-4.995000, -34.417000, 77.063000, 3.000000
-4.995000, -34.417000, 77.063000, 3.000000
-4.995000, -34.417000, 77.063000, 6.000000
-4.995000, -34.417000, 77.063000, 12.000000
-4.995000, -34.417000, 77.063000, 6.500000
-5.002000, -34.419000, 77.063000, 9.500000
-5.002000, -34.419000, 77.063000, 9.500000
-5.002000, -34.419000, 77.063000, 12.500000
-5.002000, -34.419000, 77.063000, 6.500000
-5.009000, -34.420000, 77.063000, 12.500000
-5.023000, -34.424000, 77.063000, 12.500000
-5.017000, -34.422000, 77.006000, 9.500000
-5.017000, -34.422000, 77.006000, 9.500000
-5.011000, -34.421000, 76.948000, 9.500000
-5.011000, -34.421000, 76.948000, 6.000000
-5.011000, -34.421000, 76.948000, 9.500000
-5.018000, -34.423000, 76.948000, 6.000000
-5.018000, -34.423000, 76.948000, 3.000000
-5.018000, -34.423000, 76.948000, -6.000000
-5.018000, -34.423000, 76.948000, 3.500000
-5.018000, -34.423000, 76.948000, 6.500000
-5.018000, -34.423000, 76.948000, 9.000000
-5.018000, -34.423000, 76.948000, 6.000000
-5.018000, -34.423000, 76.948000, 9.500000
-5.018000, -34.423000, 76.948000, 15.500000
-5.018000, -34.423000, 76.948000, -3.000000
-5.018000, -34.423000, 76.948000, 12.000000
-5.018000, -34.423000, 76.948000, 3.500000
-5.018000, -34.423000, 76.948000, 9.500000
-5.018000, -34.423000, 76.948000, 6.000000
-5.018000, -34.423000, 76.948000, 9.500000
-5.018000, -34.423000, 76.948000, 6.500000
-5.018000, -34.423000, 76.948000, 3.000000
-5.018000, -34.423000, 76.948000, 3.500000
-5.018000, -34.423000, 76.948000, 6.500000
-5.018000, -34.423000, 76.948000, 6.000000
-5.018000, -34.423000, 76.948000, 3.500000
-5.018000, -34.423000, 76.948000, 6.500000
-5.018000, -34.423000, 76.948000, 3.500000
-5.018000, -34.423000, 76.948000, 3.500000
-5.018000, -34.423000, 76.948000, 3.500000
-5.018000, -34.423000, 76.948000, 3.000000
-5.018000, -34.423000, 76.948000, 3.000000
-5.018000, -34.423000, 76.948000, 6.500000
-5.018000, -34.423000, 76.948000, -12.500000
-5.018000, -34.423000, 76.948000, 3.500000
-5.018000, -34.423000, 76.948000, 0.000000
-5.018000, -34.423000, 76.948000, 6.000000
-5.018000, -34.423000, 76.948000, -3.500000
-5.018000, -34.423000, 76.948000, 0.000000
-5.018000, -34.423000, 76.948000, 3.000000
-5.018000, -34.423000, 76.948000, 3.000000
-5.018000, -34.423000, 76.948000, 0.000000
-5.018000, -34.423000, 76.948000, 0.000000
-5.018000, -34.423000, 76.948000, 3.000000
-5.018000, -34.423000, 76.948000, 3.500000
-5.018000, -34.423000, 76.948000, 21.500000
-5.018000, -34.423000, 76.948000, 3.000000
-5.018000, -34.423000, 76.948000, 3.000000
-5.018000, -34.423000, 76.948000, 3.500000
-5.018000, -34.423000, 76.948000, 6.500000
-5.018000, -34.423000, 76.948000, 0.000000
-5.018000, -34.423000, 76.948000, 3.500000
-5.018000, -34.423000, 76.948000, 6.500000
-5.018000, -34.423000, 76.948000, 3.000000
-5.018000, -34.423000, 76.948000, 3.000000
-5.018000, -34.423000, 76.948000, 3.500000
-5.018000, -34.423000, 76.948000, 0.000000
-5.018000, -34.423000, 76.948000, 3.000000
-5.018000, -34.423000, 76.948000, 0.000000
-5.018000, -34.423000, 76.948000, 6.500000
-5.018000, -34.423000, 76.948000, 0.000000
-5.018000, -34.423000, 76.948000, 3.000000
-5.018000, -34.423000, 76.948000, 0.000000
-5.018000, -34.423000, 76.948000, 0.000000
-5.018000, -34.423000, 76.948000, 0.000000
-5.017000, -34.422000, 77.006000, -3.000000
-5.023000, -34.424000, 77.063000, 0.000000
-5.017000, -34.422000, 77.006000, 0.000000
-5.017000, -34.422000, 77.006000, -3.000000
-5.017000, -34.422000, 77.006000, 0.000000
-5.017000, -34.422000, 77.006000, -3.000000
-5.017000, -34.422000, 77.006000, -3.000000
-5.017000, -34.422000, 77.006000, 0.000000
-5.017000, -34.422000, 77.006000, 0.000000
-5.023000, -34.424000, 77.063000, 643.500000
-4.876000, -34.390000, 77.063000, 988.500000
-4.721000, -34.354000, 77.063000, 958.000000
-4.698000, -34.349000, 77.177000, 961.000000
-4.656000, -34.340000, 77.177000, 964.000000
-4.627000, -34.333000, 77.235000, 967.000000
-4.606000, -34.328000, 77.235000, 964.000000
-4.585000, -34.323000, 77.235000, 961.000000
-4.578000, -34.322000, 77.235000, 961.000000
-4.549000, -34.315000, 77.292000, 961.000000
-4.542000, -34.314000, 77.292000, 961.000000
-4.529000, -34.311000, 77.235000, 1059.500000
-4.516000, -34.308000, 77.177000, 1019.500000
-4.490000, -34.302000, 77.006000, 1155.000000
-4.465000, -34.296000, 76.834000, 1223.000000
-4.413000, -34.284000, 76.604000, 1223.000000
-4.380000, -34.276000, 76.490000, 1223.000000
-4.340000, -34.266000, 76.375000, 1226.000000
-4.293000, -34.255000, 76.203000, 1223.000000
-4.155000, -34.221000, 76.089000, 1340.000000
-4.057000, -34.196000, 76.146000, 1238.000000
-4.009000, -34.185000, 76.089000, 1220.000000
-3.942000, -34.168000, 75.860000, 1272.000000
-3.779000, -34.126000, 75.630000, 1330.500000
-3.620000, -34.086000, 75.516000, 1401.500000
-3.572000, -34.073000, 75.459000, 1485.000000
-3.418000, -34.033000, 75.115000, 1521.500000
-3.257000, -33.989000, 74.714000, 1463.000000
-3.113000, -33.949000, 74.198000, 1521.500000
-2.967000, -33.907000, 73.797000, 1546.000000
-2.761000, -33.847000, 73.281000, 1552.500000
-2.602000, -33.798000, 72.880000, 1549.500000
-2.363000, -33.723000, 72.365000, 1540.000000
-2.166000, -33.660000, 71.792000, 1558.500000
-1.941000, -33.585000, 71.333000, 1558.500000
-1.733000, -33.513000, 70.760000, 1561.500000
-1.464000, -33.418000, 70.130000, 1562.000000
-1.232000, -33.332000, 69.442000, 1562.000000
-1.012000, -33.249000, 68.870000, 1561.500000
-0.724000, -33.135000, 68.010000, 1558.500000
-0.550000, -33.064000, 67.609000, 1558.500000
-0.265000, -32.944000, 66.692000, 1552.000000
-0.057000, -32.853000, 66.062000, 1564.500000
0.188000, -32.743000, 65.317000, 1561.500000
0.392000, -32.647000, 64.572000, 1558.500000
0.664000, -32.515000, 63.713000, 1549.500000
0.992000, -32.350000, 62.853000, 1642.000000
1.336000, -32.172000, 62.338000, 1598.500000
1.548000, -32.059000, 62.051000, 1608.000000
1.776000, -31.938000, 61.994000, 1614.000000
1.949000, -31.846000, 62.109000, 1712.500000
2.136000, -31.748000, 62.223000, 1709.500000
2.386000, -31.616000, 62.338000, 1712.500000
2.564000, -31.523000, 62.338000, 1712.500000
2.757000, -31.422000, 62.395000, 1706.500000
3.025000, -31.282000, 62.452000, 1715.500000
3.250000, -31.165000, 62.510000, 1712.500000
3.474000, -31.048000, 62.567000, 1712.500000
3.704000, -30.928000, 62.567000, 1718.500000
3.973000, -30.789000, 62.624000, 1712.500000
4.166000, -30.689000, 62.682000, 1715.500000
4.448000, -30.544000, 62.739000, 1718.500000
4.672000, -30.428000, 62.739000, 1715.500000
4.929000, -30.296000, 62.796000, 1718.500000
5.153000, -30.181000, 62.796000, 1718.500000
5.449000, -30.029000, 62.853000, 1718.500000
5.636000, -29.934000, 62.911000, 1718.500000
5.919000, -29.789000, 62.968000, 1718.500000
6.150000, -29.671000, 62.968000, 1718.500000
6.420000, -29.534000, 63.025000, 1718.500000
6.639000, -29.422000, 63.083000, 1706.000000
6.944000, -29.268000, 63.312000, 1715.500000
7.187000, -29.147000, 63.598000, 1719.000000
7.463000, -29.012000, 64.343000, 1722.000000
7.739000, -28.881000, 64.973000, 1734.000000
8.002000, -28.761000, 65.890000, 1694.000000
8.278000, -28.639000, 66.692000, 1691.000000
8.615000, -28.499000, 67.895000, 1687.500000
8.863000, -28.401000, 69.213000, 1731.000000
9.128000, -28.303000, 70.187000, 1728.000000
9.404000, -28.207000, 71.333000, 1731.000000
9.671000, -28.120000, 72.193000, 1725.000000
10.000000, -28.019000, 73.396000, 1728.000000
10.171000, -27.969000, 74.141000, 1266.000000
10.313000, -27.929000, 74.828000, 12.000000
10.332000, -27.924000, 75.115000, 9.000000
10.424000, -27.900000, 75.229000, 3.000000
10.458000, -27.891000, 75.172000, 6.000000
10.464000, -27.889000, 75.115000, 0.000000
10.464000, -27.889000, 75.115000, 0.000000
10.464000, -27.889000, 75.115000, 3.000000
10.464000, -27.889000, 75.115000, 6.000000
10.464000, -27.889000, 75.115000, -3.000000
10.464000, -27.889000, 75.115000, 3.000000
10.464000, -27.889000, 75.115000, 3.000000
10.464000, -27.889000, 75.115000, 0.000000
10.464000, -27.889000, 75.115000, 0.000000
10.464000, -27.889000, 75.115000, -3.000000
10.464000, -27.889000, 75.115000, 0.000000
10.464000, -27.889000, 75.115000, 0.000000
10.464000, -27.889000, 75.115000, 3.000000
10.464000, -27.889000, 75.115000, 0.000000
10.464000, -27.889000, 75.115000, 0.000000
10.464000, -27.889000, 75.115000, 0.000000
10.561000, -27.863000, 75.115000, 1124.000000
10.666000, -27.835000, 75.115000, 1303.000000
10.736000, -27.817000, 75.172000, 1386.000000
10.820000, -27.795000, 75.172000, 1389.000000
10.897000, -27.774000, 75.229000, 1380.000000
10.981000, -27.752000, 75.229000, 1389.000000
11.085000, -27.725000, 75.229000, 1383.000000
11.176000, -27.701000, 75.229000, 1380.000000
11.301000, -27.668000, 75.229000, 1389.000000
11.405000, -27.640000, 75.229000, 1389.000000
11.566000, -27.598000, 75.229000, 1386.000000
11.664000, -27.572000, 75.287000, 1392.000000
11.838000, -27.526000, 75.287000, 1475.000000
11.977000, -27.490000, 75.287000, 1506.000000
12.152000, -27.444000, 75.344000, 1524.500000
12.320000, -27.400000, 75.344000, 1521.500000
12.529000, -27.345000, 75.401000, 1552.500000
12.738000, -27.291000, 75.401000, 1528.000000
12.934000, -27.240000, 75.401000, 1524.500000
13.143000, -27.186000, 75.401000, 1521.500000
13.325000, -27.138000, 75.459000, 1558.500000
13.562000, -27.077000, 75.459000, 1555.500000
13.709000, -27.039000, 75.516000, 1518.500000
13.939000, -26.979000, 75.516000, 1528.000000
14.141000, -26.927000, 75.516000, 1555.500000
14.364000, -26.870000, 75.516000, 1518.500000
14.532000, -26.826000, 75.573000, 1549.000000
14.805000, -26.756000, 75.630000, 1558.500000
14.994000, -26.708000, 75.630000, 1525.000000
15.190000, -26.658000, 75.688000, 1552.000000
15.399000, -26.604000, 75.688000, 1558.500000
15.649000, -26.540000, 75.630000, 1525.000000
15.796000, -26.503000, 75.630000, 1521.500000
16.055000, -26.437000, 75.688000, 1555.500000
16.250000, -26.387000, 75.688000, 1552.500000
16.452000, -26.335000, 75.688000, 1521.500000
16.656000, -26.283000, 75.745000, 1555.500000
16.907000, -26.220000, 75.745000, 1623.000000
17.074000, -26.177000, 75.745000, 1635.500000
17.339000, -26.110000, 75.745000, 1647.500000
17.542000, -26.058000, 75.745000, 1651.000000
17.786000, -25.996000, 75.745000, 1644.500000
17.995000, -25.943000, 75.745000, 1657.000000
18.281000, -25.871000, 75.688000, 1650.500000
18.469000, -25.823000, 75.688000, 1647.500000
18.748000, -25.751000, 75.688000, 1660.000000
18.965000, -25.696000, 75.745000, 1651.000000
19.217000, -25.632000, 75.802000, 1654.000000
19.427000, -25.579000, 75.802000, 1675.500000
19.706000, -25.509000, 75.802000, 1660.000000
19.901000, -25.459000, 75.802000, 1644.500000
20.161000, -25.394000, 75.860000, 1647.500000
20.392000, -25.336000, 75.917000, 1672.500000
20.629000, -25.276000, 75.917000, 1657.000000
20.840000, -25.223000, 75.974000, 1647.500000
21.140000, -25.148000, 75.974000, 1663.000000
21.329000, -25.101000, 75.974000, 1654.000000
21.615000, -25.030000, 75.974000, 1651.000000
21.831000, -24.976000, 75.917000, 1657.000000
22.097000, -24.909000, 75.974000, 1648.000000
22.370000, -24.841000, 76.032000, 1647.500000
22.580000, -24.789000, 76.032000, 1666.000000
22.887000, -24.712000, 76.032000, 1663.000000
23.104000, -24.658000, 76.032000, 1672.500000
23.390000, -24.587000, 76.032000, 1672.500000
23.628000, -24.528000, 76.032000, 1669.500000
23.948000, -24.448000, 75.974000, 1657.000000
24.157000, -24.396000, 75.917000, 1761.500000
24.485000, -24.314000, 75.917000, 1792.500000
24.715000, -24.256000, 75.917000, 1764.500000
24.989000, -24.187000, 75.974000, 1765.000000
25.240000, -24.125000, 75.974000, 1755.500000
25.562000, -24.044000, 75.974000, 1749.500000
25.764000, -23.994000, 75.974000, 1761.500000
26.085000, -23.914000, 75.974000, 1758.500000
26.358000, -23.846000, 75.974000, 1752.500000
26.630000, -23.777000, 75.974000, 1768.000000
26.985000, -23.688000, 75.917000, 1771.000000
27.259000, -23.620000, 75.974000, 1740.000000
27.525000, -23.553000, 76.032000, 1746.500000
27.792000, -23.487000, 76.089000, 1771.000000
28.105000, -23.410000, 76.032000, 1749.500000
28.343000, -23.351000, 76.032000, 1746.500000
28.678000, -23.267000, 76.032000, 1765.000000
28.944000, -23.201000, 76.032000, 1746.000000
29.244000, -23.126000, 76.032000, 1774.000000
29.529000, -23.055000, 75.974000, 1697.000000
29.850000, -22.975000, 75.917000, 1752.500000
30.093000, -22.914000, 75.860000, 1755.500000
30.423000, -22.831000, 75.974000, 1761.500000
30.775000, -22.744000, 76.089000, 1758.500000
30.985000, -22.692000, 76.146000, 1755.500000
31.349000, -22.602000, 76.146000, 1694.000000
31.634000, -22.531000, 76.089000, 1666.500000
31.837000, -22.481000, 76.089000, 958.000000
31.976000, -22.447000, 76.032000, 6.000000
32.033000, -22.433000, 76.146000, 9.000000
32.132000, -22.408000, 76.203000, 6.000000
32.162000, -22.401000, 76.318000, 0.000000
32.163000, -22.401000, 76.375000, 0.000000
32.163000, -22.401000, 76.375000, 6.000000
32.163000, -22.401000, 76.375000, 3.000000
32.163000, -22.401000, 76.375000, -3.000000
32.163000, -22.401000, 76.375000, 6.000000
32.163000, -22.401000, 76.375000, 0.000000
32.163000, -22.401000, 76.375000, -3.000000
32.163000, -22.401000, 76.375000, 0.000000
32.163000, -22.401000, 76.375000, 3.000000
32.163000, -22.401000, 76.375000, -3.000000
32.163000, -22.401000, 76.375000, -3.000000
32.163000, -22.401000, 76.375000, -3.000000
32.163000, -22.401000, 76.375000, 0.000000
32.163000, -22.401000, 76.375000, 0.000000
32.163000, -22.401000, 76.375000, 3.000000
32.163000, -22.401000, 76.375000, -6.000000
32.163000, -22.401000, 76.375000, 0.000000
32.352000, -22.355000, 76.375000, 1811.000000
32.464000, -22.328000, 76.375000, 3058.500000
32.697000, -22.272000, 76.490000, 4059.500000
33.082000, -22.179000, 76.490000, 5054.500000
33.722000, -22.021000, 75.459000, 5830.500000
34.147000, -21.907000, 74.656000, 4903.000000
35.294000, -21.565000, 72.594000, 8001.500000
36.364000, -21.214000, 71.047000, 7779.500000
37.214000, -20.910000, 69.442000, 7921.500000
37.659000, -20.738000, 68.239000, 7263.000000
38.079000, -20.568000, 67.781000, 6671.000000
38.755000, -20.289000, 67.208000, 3289.500000
38.768000, -20.284000, 67.151000, 3064.500000
38.755000, -20.289000, 67.151000, 1657.000000
38.748000, -20.292000, 67.151000, 357.000000
38.668000, -20.326000, 67.151000, 3.000000
38.648000, -20.334000, 67.151000, -3.000000
38.629000, -20.343000, 67.151000, 3.000000
38.628000, -20.343000, 67.093000, 0.000000
38.608000, -20.351000, 67.093000, 3.000000
38.608000, -20.351000, 67.093000, -3.000000
38.602000, -20.354000, 67.151000, -3.000000
38.602000, -20.354000, 67.151000, -3.000000
38.602000, -20.354000, 67.151000, 3.000000
38.602000, -20.354000, 67.151000, -3.000000
38.602000, -20.354000, 67.151000, 3.000000
38.602000, -20.354000, 67.151000, 0.000000
38.602000, -20.354000, 67.151000, -6.000000
38.602000, -20.354000, 67.151000, 0.000000
38.602000, -20.354000, 67.151000, -3.000000
38.595000, -20.357000, 67.151000, 0.000000
38.589000, -20.359000, 67.151000, -3.000000
38.589000, -20.359000, 67.151000, 6.000000
38.589000, -20.359000, 67.151000, 3.000000
38.589000, -20.359000, 67.151000, -3.000000
38.589000, -20.359000, 67.151000, 0.000000
38.589000, -20.359000, 67.151000, -3.000000
38.589000, -20.359000, 67.151000, -3.000000
38.589000, -20.359000, 67.151000, 3.000000
38.589000, -20.359000, 67.151000, 3.000000
38.589000, -20.359000, 67.151000, -3.000000
38.556000, -20.373000, 67.151000, -816.000000
38.423000, -20.429000, 67.151000, -960.500000
38.317000, -20.474000, 67.151000, -1118.000000
38.290000, -20.485000, 67.151000, -1109.000000
38.264000, -20.496000, 67.151000, -1158.000000
38.256000, -20.500000, 67.093000, -1226.000000
38.224000, -20.513000, 67.151000, -1173.500000
38.224000, -20.513000, 67.151000, -1220.000000
38.197000, -20.524000, 67.151000, -1216.500000
38.184000, -20.530000, 67.151000, -1568.000000
38.131000, -20.552000, 67.151000, -1826.000000
38.065000, -20.580000, 67.151000, -1832.500000
37.964000, -20.623000, 67.093000, -1851.000000
37.891000, -20.653000, 67.093000, -1823.000000
37.739000, -20.718000, 67.093000, -1860.000000
37.599000, -20.777000, 67.093000, -2070.000000
37.386000, -20.867000, 66.979000, -2525.500000
37.179000, -20.955000, 66.921000, -2427.000000
36.834000, -21.102000, 66.864000, -2359.000000
36.582000, -21.210000, 66.864000, -2242.500000
36.193000, -21.376000, 66.921000, -1841.500000
35.900000, -21.501000, 66.864000, -1687.500000
35.583000, -21.637000, 66.864000, -1882.000000
35.225000, -21.789000, 66.864000, -1734.000000
34.949000, -21.907000, 66.979000, -1432.000000
34.665000, -22.027000, 67.093000, -1050.500000
34.466000, -22.111000, 67.093000, -280.000000
34.413000, -22.134000, 67.093000, -9.000000
34.327000, -22.170000, 67.093000, -3.000000
34.248000, -22.204000, 67.093000, -9.000000
34.227000, -22.212000, 67.036000, 0.000000
34.220000, -22.215000, 67.036000, -3.000000
34.214000, -22.218000, 67.093000, 0.000000
34.220000, -22.215000, 67.036000, 0.000000
34.220000, -22.215000, 67.036000, 3.000000
34.220000, -22.215000, 67.036000, 0.000000
34.220000, -22.215000, 67.036000, -3.000000
34.220000, -22.215000, 67.036000, 3.000000
34.220000, -22.215000, 67.036000, -3.000000
34.220000, -22.215000, 67.036000, 6.000000
34.214000, -22.218000, 67.093000, -3.000000
34.220000, -22.215000, 67.036000, 0.000000
34.220000, -22.215000, 67.036000, 6.000000
34.214000, -22.218000, 67.093000, 0.000000
34.220000, -22.215000, 67.036000, -3.000000
34.220000, -22.215000, 67.036000, -3.000000
34.220000, -22.215000, 67.036000, 0.000000
34.220000, -22.215000, 67.036000, 3.000000
34.220000, -22.215000, 67.036000, 3.000000
34.220000, -22.215000, 67.036000, 0.000000
34.214000, -22.218000, 67.093000, 6.000000
34.214000, -22.218000, 67.093000, 0.000000
34.214000, -22.218000, 67.093000, 0.000000
34.214000, -22.218000, 67.093000, -3.000000
34.214000, -22.218000, 67.093000, 0.000000
34.214000, -22.218000, 67.093000, 0.000000
34.214000, -22.218000, 67.093000, 0.000000
34.214000, -22.218000, 67.093000, 3.000000
34.214000, -22.218000, 67.093000, 6.000000
34.214000, -22.218000, 67.093000, 0.000000
34.220000, -22.215000, 67.036000, -3.000000
34.214000, -22.218000, 67.093000, -3.000000
34.214000, -22.218000, 67.093000, 0.000000
34.214000, -22.218000, 67.093000, 3.000000
34.214000, -22.218000, 67.093000, 0.000000
34.214000, -22.218000, 67.093000, 0.000000
34.214000, -22.218000, 67.093000, 0.000000
34.214000, -22.218000, 67.093000, 9.000000
34.214000, -22.218000, 67.093000, 6.000000
34.214000, -22.218000, 67.093000, 0.000000
34.214000, -22.218000, 67.093000, 3.000000
34.214000, -22.218000, 67.093000, 0.000000
34.214000, -22.218000, 67.093000, 6.000000
34.214000, -22.218000, 67.093000, 0.000000
34.214000, -22.218000, 67.093000, 0.000000
34.214000, -22.218000, 67.093000, 0.000000
34.214000, -22.218000, 67.093000, 0.000000
34.214000, -22.218000, 67.093000, 0.000000
34.214000, -22.218000, 67.093000, 0.000000
34.214000, -22.218000, 67.093000, 0.000000
34.214000, -22.218000, 67.093000, 0.000000
34.188000, -22.229000, 67.093000, -837.500000
34.049000, -22.288000, 67.093000, -976.000000
33.982000, -22.316000, 67.093000, -961.000000
33.943000, -22.332000, 67.093000, -964.000000
33.903000, -22.349000, 67.093000, -961.000000
33.870000, -22.363000, 67.093000, -961.000000
33.850000, -22.372000, 67.093000, -961.000000
33.823000, -22.383000, 67.093000, -955.000000
33.783000, -22.400000, 67.093000, -958.000000
33.750000, -22.414000, 67.093000, -955.000000
33.724000, -22.425000, 67.093000, -1066.000000
33.677000, -22.445000, 67.093000, -1056.500000
33.637000, -22.461000, 67.093000, -1062.500000
33.565000, -22.492000, 67.093000, -1063.000000
33.484000, -22.526000, 67.036000, -1084.000000
33.387000, -22.568000, 66.750000, -1087.000000
33.304000, -22.603000, 66.520000, -1090.000000
33.188000, -22.654000, 66.234000, -1121.000000
33.111000, -22.688000, 65.947000, -1096.500000
32.987000, -22.744000, 65.546000, -1090.500000
32.908000, -22.780000, 65.088000, -1213.500000
32.798000, -22.832000, 64.687000, -1102.500000
32.732000, -22.864000, 64.229000, -1281.500000
32.608000, -22.924000, 63.713000, -1281.500000
32.478000, -22.989000, 63.197000, -1262.500000
32.369000, -23.045000, 62.739000, -1259.500000
32.194000, -23.136000, 62.166000, -1309.000000
32.092000, -23.191000, 61.650000, -1244.500000
31.916000, -23.287000, 60.848000, -1247.000000
31.777000, -23.365000, 60.390000, -1305.500000
31.625000, -23.452000, 59.817000, -1297.000000
31.476000, -23.539000, 59.358000, -1293.500000
31.283000, -23.655000, 58.785000, -1309.000000
31.172000, -23.723000, 58.327000, -1259.500000
30.979000, -23.844000, 57.640000, -1263.000000
30.825000, -23.942000, 57.067000, -1358.000000
30.645000, -24.061000, 56.207000, -1272.000000
30.544000, -24.130000, 55.290000, -1263.000000
30.357000, -24.261000, 54.603000, -1306.000000
30.202000, -24.373000, 53.915000, -1262.500000
30.084000, -24.459000, 53.342000, -1296.500000
29.938000, -24.570000, 52.712000, -1259.500000
29.800000, -24.676000, 51.738000, -1257.000000
29.675000, -24.776000, 51.222000, -1263.000000
29.538000, -24.887000, 50.592000, -1272.000000
29.388000, -25.013000, 49.618000, -1257.000000
29.298000, -25.090000, 48.988000, -1263.000000
29.176000, -25.197000, 48.300000, -1263.000000
29.020000, -25.338000, 47.326000, -1253.500000
28.889000, -25.461000, 46.524000, -1231.500000
28.773000, -25.573000, 45.436000, -1256.500000
28.670000, -25.676000, 44.519000, -1235.000000
28.567000, -25.784000, 43.316000, -1235.000000
28.481000, -25.876000, 42.685000, -1229.000000
28.366000, -26.004000, 41.425000, -1238.500000
28.268000, -26.117000, 40.623000, -1238.000000
28.150000, -26.258000, 39.534000, -1269.000000
28.049000, -26.381000, 38.617000, -1229.000000
27.942000, -26.519000, 37.185000, -1260.000000
27.844000, -26.649000, 36.497000, -1235.000000
27.760000, -26.765000, 35.237000, -58.500000
27.718000, -26.825000, 34.320000, -34.000000
27.686000, -26.873000, 33.403000, -15.500000
27.665000, -26.905000, 32.830000, 0.000000
27.665000, -26.905000, 32.372000, -9.000000
27.666000, -26.903000, 32.086000, 9.000000
27.668000, -26.900000, 31.914000, 15.000000
27.671000, -26.895000, 31.799000, 9.000000
27.667000, -26.901000, 31.799000, 12.500000
27.670000, -26.896000, 31.742000, 9.500000
27.670000, -26.896000, 31.742000, 9.500000
27.670000, -26.896000, 31.742000, 9.500000
27.670000, -26.896000, 31.742000, 9.500000
27.670000, -26.896000, 31.742000, 9.500000
27.667000, -26.902000, 31.742000, 9.500000
27.663000, -26.908000, 31.742000, 9.500000
27.663000, -26.908000, 31.742000, 9.500000
27.670000, -26.896000, 31.742000, 3.000000
27.667000, -26.901000, 31.799000, 3.000000
27.671000, -26.895000, 31.799000, 0.000000
27.675000, -26.889000, 31.799000, -3.000000
27.675000, -26.889000, 31.799000, 3.000000
27.675000, -26.889000, 31.799000, 0.000000
27.675000, -26.889000, 31.799000, 3.000000
27.675000, -26.889000, 31.799000, 0.000000
27.675000, -26.889000, 31.799000, 0.000000
27.670000, -26.896000, 31.742000, 15.500000
27.666000, -26.903000, 31.685000, 0.000000
27.662000, -26.909000, 31.685000, 6.000000
27.662000, -26.909000, 31.685000, 12.500000
27.658000, -26.917000, 31.570000, 24.500000
27.656000, -26.919000, 31.398000, 6.000000
27.653000, -26.924000, 31.054000, 18.500000
27.655000, -26.921000, 30.825000, 15.500000
27.648000, -26.933000, 30.424000, 6.500000
27.641000, -26.945000, 30.023000, 12.500000
27.633000, -26.958000, 29.565000, 9.000000
27.623000, -26.976000, 29.164000, 15.000000
27.618000, -26.985000, 28.533000, 18.500000
27.609000, -27.002000, 27.846000, 6.000000
27.601000, -27.018000, 27.158000, 6.000000
27.598000, -27.024000, 25.898000, 34.000000
27.593000, -27.036000, 24.694000, 0.000000
27.580000, -27.064000, 23.663000, 12.500000
27.579000, -27.066000, 22.231000, 18.500000
27.579000, -27.065000, 21.028000, 27.500000
27.583000, -27.054000, 19.538000, 30.500000
27.586000, -27.045000, 18.392000, 33.500000
27.591000, -27.032000, 17.017000, 6.000000
27.597000, -27.012000, 15.699000, 9.000000
27.598000, -27.007000, 14.725000, 31.000000
27.605000, -26.978000, 13.465000, 34.000000
27.605000, -26.977000, 12.204000, 34.000000
27.610000, -26.958000, 11.230000, 3.000000
27.603000, -26.992000, 10.027000, 6.000000
27.604000, -26.985000, 9.110000, 27.500000
27.605000, -26.984000, 7.907000, 31.000000
27.603000, -26.993000, 6.933000, 6.000000
27.605000, -26.980000, 5.500000, 12.500000
27.605000, -26.986000, 4.756000, 27.500000
27.606000, -26.968000, 3.209000, 12.500000
27.606000, -26.971000, 2.177000, 31.000000
27.606000, -26.956000, 0.917000, 24.500000
27.606000, -26.984000, -0.344000, 6.000000
27.606000, -27.000000, -1.318000, 27.500000
27.607000, -27.013000, -2.521000, 12.500000
27.606000, -26.991000, -3.839000, 33.500000
27.606000, -26.999000, -5.157000, 27.500000
27.607000, -27.001000, -6.188000, 31.000000
27.607000, -27.002000, -7.506000, 24.500000
27.608000, -27.011000, -8.537000, 9.500000
27.610000, -27.026000, -9.855000, 27.500000
27.614000, -27.044000, -10.943000, 27.500000
27.607000, -27.014000, -12.605000, 12.500000
27.610000, -27.028000, -13.465000, 12.500000
27.605000, -27.007000, -15.183000, 27.500000
27.602000, -26.994000, -16.558000, 27.500000
27.599000, -26.985000, -17.704000, 6.000000
27.599000, -26.988000, -19.194000, 33.500000
27.593000, -26.971000, -20.283000, 30.500000
27.597000, -26.980000, -21.772000, 31.000000
27.597000, -26.980000, -23.033000, 27.500000
27.591000, -26.964000, -24.637000, 3.000000
27.567000, -26.915000, -26.127000, 6.000000
27.529000, -26.839000, -27.044000, 3.000000
27.517000, -26.816000, -27.273000, 3.000000
27.526000, -26.833000, -27.101000, 0.000000
27.534000, -26.850000, -26.929000, 0.000000
27.537000, -26.855000, -26.872000, 0.000000
27.534000, -26.850000, -26.929000, 3.000000
27.537000, -26.855000, -26.872000, -3.000000
27.537000, -26.855000, -26.872000, 0.000000
27.482000, -26.747000, -26.929000, 973.500000
27.430000, -26.644000, -26.929000, 961.000000
27.413000, -26.611000, -26.872000, 967.000000
27.384000, -26.553000, -26.814000, 970.000000
27.357000, -26.500000, -26.757000, 976.000000
27.335000, -26.455000, -26.757000, 964.000000
27.312000, -26.410000, -26.757000, 961.000000
27.283000, -26.353000, -26.757000, 961.000000
27.274000, -26.334000, -26.814000, 902.500000
27.235000, -26.259000, -26.929000, 964.000000
27.232000, -26.252000, -26.929000, 893.000000
27.224000, -26.236000, -27.101000, 914.500000
27.212000, -26.213000, -27.330000, 896.500000
27.195000, -26.180000, -27.674000, 893.500000
27.167000, -26.127000, -27.960000, 1059.500000
27.129000, -26.056000, -28.304000, 1250.500000
27.077000, -25.960000, -28.648000, 1244.500000
27.017000, -25.852000, -29.049000, 1259.500000
26.961000, -25.751000, -29.450000, 1241.000000
26.872000, -25.596000, -29.966000, 1417.000000
26.808000, -25.485000, -30.481000, 1432.500000
26.717000, -25.334000, -31.169000, 1435.500000
26.615000, -25.167000, -31.971000, 1444.500000
26.521000, -25.018000, -32.601000, 1438.500000
26.419000, -24.861000, -33.461000, 1441.500000
26.287000, -24.664000, -34.377000, 1441.500000
26.187000, -24.521000, -35.122000, 1441.500000
26.045000, -24.322000, -36.039000, 1444.500000
25.933000, -24.170000, -36.784000, 1447.500000
25.789000, -23.982000, -37.701000, 1438.500000
25.663000, -23.821000, -38.388000, 1450.500000
25.493000, -23.611000, -39.477000, 1450.500000
25.379000, -23.473000, -39.992000, 1453.500000
25.198000, -23.261000, -40.966000, 1450.500000
25.068000, -23.113000, -41.654000, 1447.500000
24.907000, -22.935000, -42.399000, 1451.000000
24.773000, -22.789000, -43.029000, 1451.000000
24.594000, -22.600000, -43.831000, 1454.000000
24.488000, -22.491000, -44.232000, 1463.000000
24.285000, -22.285000, -45.034000, 1454.000000
24.103000, -22.105000, -45.665000, 1460.000000
23.975000, -21.981000, -46.180000, 1450.500000
23.790000, -21.806000, -46.868000, 1447.500000
23.649000, -21.675000, -47.441000, 1524.500000
23.455000, -21.499000, -48.128000, 1614.000000
23.300000, -21.362000, -48.701000, 1595.500000
23.083000, -21.173000, -49.561000, 1604.500000
22.951000, -21.062000, -50.019000, 1617.000000
22.707000, -20.861000, -50.936000, 1574.000000
22.519000, -20.710000, -51.624000, 1580.000000
22.315000, -20.551000, -52.483000, 1589.000000
22.107000, -20.393000, -53.228000, 1577.000000
21.848000, -20.204000, -54.316000, 1583.000000
21.640000, -20.056000, -55.004000, 1580.000000
21.416000, -19.901000, -55.921000, 1574.000000
21.168000, -19.737000, -56.666000, 1571.000000
20.793000, -19.494000, -57.525000, 1694.000000
20.482000, -19.298000, -57.926000, 1687.500000
20.301000, -19.185000, -58.041000, 1663.000000
20.031000, -19.016000, -57.983000, 1678.500000
19.816000, -18.882000, -57.869000, 1672.500000
19.571000, -18.727000, -57.754000, 1678.500000
19.357000, -18.592000, -57.697000, 1688.000000
19.077000, -18.415000, -57.697000, 1684.500000
18.840000, -18.265000, -57.697000, 1675.500000
18.638000, -18.138000, -57.640000, 1684.500000
18.388000, -17.979000, -57.582000, 1678.500000
18.175000, -17.844000, -57.582000, 1669.000000
17.907000, -17.674000, -57.525000, 1684.500000
17.713000, -17.550000, -57.525000, 1681.500000
17.420000, -17.364000, -57.468000, 1672.500000
17.226000, -17.240000, -57.468000, 1690.500000
16.947000, -17.062000, -57.468000, 1687.500000
16.729000, -16.922000, -57.468000, 1675.500000
16.455000, -16.748000, -57.468000, 1687.500000
16.188000, -16.578000, -57.468000, 1681.500000
15.964000, -16.434000, -57.468000, 1684.500000
15.697000, -16.264000, -57.468000, 1697.000000
15.478000, -16.125000, -57.468000, 1681.500000
15.175000, -15.931000, -57.468000, 1684.500000
14.949000, -15.787000, -57.410000, 1697.000000
14.761000, -15.667000, -57.410000, 1681.500000
14.451000, -15.469000, -57.353000, 1672.500000
14.233000, -15.329000, -57.353000, 1694.000000
13.960000, -15.154000, -57.353000, 1684.500000
13.718000, -14.999000, -57.410000, 1672.500000
13.434000, -14.818000, -57.468000, 1691.000000
13.228000, -14.686000, -57.468000, 1678.500000
12.930000, -14.496000, -57.410000, 1684.500000
12.699000, -14.348000, -57.410000, 1697.000000
12.450000, -14.189000, -57.353000, 1687.500000
12.165000, -14.006000, -57.353000, 1672.000000
11.984000, -13.890000, -57.410000, 1691.000000
11.705000, -13.712000, -57.410000, 1672.500000
11.474000, -13.564000, -57.410000, 1675.500000
11.219000, -13.401000, -57.353000, 1691.000000
11.012000, -13.268000, -57.296000, 1672.500000
10.726000, -13.085000, -57.238000, 1669.500000
10.545000, -12.968000, -57.238000, 1457.000000
10.272000, -12.792000, -57.181000, 1346.000000
10.072000, -12.663000, -57.181000, 1330.500000
9.860000, -12.527000, -57.181000, 1241.000000
9.679000, -12.410000, -57.181000, 1176.500000
9.472000, -12.276000, -57.124000, 1013.000000
9.363000, -12.206000, -57.124000, 998.000000
9.188000, -12.093000, -57.124000, 988.500000
9.067000, -12.014000, -57.124000, 810.000000
9.026000, -11.988000, -57.181000, 6.000000
9.026000, -11.988000, -57.181000, 0.000000
9.026000, -11.988000, -57.181000, 0.000000
9.026000, -11.988000, -57.181000, 3.000000
9.026000, -11.988000, -57.181000, 0.000000
9.026000, -11.988000, -57.181000, 6.000000
9.026000, -11.988000, -57.181000, -3.000000
9.026000, -11.988000, -57.181000, 0.000000
9.026000, -11.988000, -57.181000, 6.000000
9.026000, -11.988000, -57.181000, 3.000000
9.026000, -11.988000, -57.181000, 3.000000
9.026000, -11.988000, -57.181000, -3.000000
9.026000, -11.988000, -57.181000, -3.000000
9.026000, -11.988000, -57.181000, 6.000000
9.026000, -11.988000, -57.181000, -3.000000
9.026000, -11.988000, -57.181000, -3.000000
9.026000, -11.988000, -57.181000, 3.000000
9.026000, -11.988000, -57.181000, 3.000000
9.026000, -11.988000, -57.181000, 6.000000
9.026000, -11.988000, -57.181000, -3.000000
9.026000, -11.988000, -57.181000, 0.000000
9.013000, -11.980000, -57.181000, 794.500000
8.880000, -11.894000, -57.181000, 942.500000
8.844000, -11.871000, -57.181000, 1032.000000
8.808000, -11.847000, -57.181000, 1186.000000
8.746000, -11.808000, -57.124000, 1272.000000
8.668000, -11.757000, -57.124000, 1284.500000
8.601000, -11.714000, -57.124000, 1284.500000
8.523000, -11.663000, -57.124000, 1281.500000
8.420000, -11.597000, -57.124000, 1275.000000
8.335000, -11.542000, -57.124000, 1293.500000
8.245000, -11.484000, -57.181000, 1299.500000
8.124000, -11.405000, -57.124000, 1287.500000
8.009000, -11.331000, -57.124000, 1300.000000
7.876000, -11.245000, -57.124000, 1299.500000
7.749000, -11.163000, -57.124000, 1293.500000
7.603000, -11.068000, -57.067000, 1395.500000
7.452000, -10.971000, -57.067000, 1401.000000
7.318000, -10.884000, -57.009000, 1395.000000
7.161000, -10.782000, -57.009000, 1410.500000
7.017000, -10.688000, -57.067000, 1410.500000
6.824000, -10.564000, -57.124000, 1395.000000
6.697000, -10.482000, -57.124000, 1349.000000
6.499000, -10.353000, -57.181000, 1404.500000
6.347000, -10.256000, -57.181000, 1343.000000
6.196000, -10.158000, -57.181000, 1407.500000
6.039000, -10.057000, -57.181000, 1413.500000
5.845000, -9.932000, -57.181000, 1410.500000
5.718000, -9.850000, -57.181000, 1346.000000
5.524000, -9.725000, -57.181000, 1404.500000
5.366000, -9.623000, -57.124000, 1416.500000
5.203000, -9.518000, -57.124000, 1410.500000
5.040000, -9.412000, -57.124000, 1318.500000
4.864000, -9.298000, -57.067000, 1380.000000
4.748000, -9.223000, -57.009000, 1413.500000
4.549000, -9.094000, -57.009000, 1407.500000
4.398000, -8.996000, -57.009000, 1407.500000
4.228000, -8.886000, -56.952000, 1410.500000
4.071000, -8.783000, -56.952000, 1420.000000
3.871000, -8.653000, -56.895000, 1413.500000
3.757000, -8.579000, -56.895000, 1407.500000
3.540000, -8.437000, -56.895000, 1315.000000
3.394000, -8.342000, -56.837000, 1312.000000
3.219000, -8.228000, -56.837000, 1318.000000
3.069000, -8.129000, -56.837000, 1377.000000
2.863000, -7.995000, -56.780000, 1404.500000
2.688000, -7.880000, -56.780000, 1327.500000
2.526000, -7.774000, -56.780000, 1333.500000
2.315000, -7.636000, -56.780000, 1330.500000
2.182000, -7.549000, -56.780000, 1318.000000
1.966000, -7.407000, -56.780000, 1407.500000
1.815000, -7.309000, -56.780000, 1309.000000
1.640000, -7.193000, -56.723000, 1315.500000
1.490000, -7.095000, -56.780000, 1386.000000
1.297000, -6.969000, -56.780000, 1303.000000
1.189000, -6.898000, -56.780000, 1346.000000
0.996000, -6.772000, -56.780000, 1410.500000
0.852000, -6.677000, -56.780000, 1306.000000
0.707000, -6.583000, -56.780000, 1309.000000
0.556000, -6.484000, -56.780000, 1377.000000
0.382000, -6.370000, -56.780000, 1318.500000
0.267000, -6.295000, -56.780000, 1312.000000
0.087000, -6.176000, -56.780000, 1358.500000
-0.041000, -6.093000, -56.723000, 1306.000000
-0.197000, -5.990000, -56.723000, 1299.500000
-0.341000, -5.896000, -56.780000, 1401.500000
-0.527000, -5.774000, -56.780000, 1309.000000
-0.684000, -5.671000, -56.780000, 1309.000000
-0.823000, -5.580000, -56.780000, 1293.500000
-0.961000, -5.490000, -56.780000, 1300.000000
-1.112000, -5.391000, -56.780000, 1315.000000
-1.262000, -5.292000, -56.780000, 1303.000000
-1.401000, -5.202000, -56.780000, 1299.500000
-1.551000, -5.103000, -56.780000, 1302.500000
-1.691000, -5.012000, -56.723000, 1305.500000
-1.883000, -4.885000, -56.723000, 1309.000000
-1.998000, -4.810000, -56.723000, 1309.000000
-2.190000, -4.684000, -56.723000, 1309.000000
-2.323000, -4.597000, -56.723000, 1303.000000
-2.479000, -4.494000, -56.723000, 1309.000000
-2.605000, -4.411000, -56.723000, 1306.000000
-2.762000, -4.309000, -56.723000, 1290.500000
-2.882000, -4.230000, -56.723000, 1306.000000
-3.063000, -4.111000, -56.723000, 1309.000000
-3.183000, -4.032000, -56.723000, 1296.500000
-3.370000, -3.910000, -56.723000, 1287.500000
-3.526000, -3.807000, -56.723000, 1078.000000
-3.730000, -3.673000, -56.780000, 998.000000
-3.887000, -3.571000, -56.780000, 985.500000
-4.062000, -3.456000, -56.780000, 973.000000
-4.171000, -3.384000, -56.666000, 970.000000
-4.340000, -3.273000, -56.666000, 955.000000
-4.441000, -3.207000, -56.723000, 74.000000
-4.447000, -3.203000, -56.723000, 0.000000
-4.447000, -3.203000, -56.723000, 0.000000
-4.460000, -3.194000, -56.666000, -3.000000
-4.460000, -3.194000, -56.666000, 0.000000
-4.465000, -3.191000, -56.723000, 3.000000
-4.465000, -3.191000, -56.723000, 668.500000
-4.556000, -3.132000, -56.723000, 1312.000000
-4.688000, -3.045000, -56.723000, 1589.000000
-4.755000, -3.001000, -56.666000, 1869.500000
-4.869000, -2.926000, -56.666000, 1940.500000
-4.984000, -2.850000, -56.608000, 1956.000000
-5.188000, -2.716000, -56.666000, 1968.000000
-5.321000, -2.629000, -56.666000, 1962.000000
-5.573000, -2.463000, -56.666000, 1672.500000
-5.754000, -2.343000, -56.608000, 1651.000000
-5.965000, -2.205000, -56.608000, 1432.000000
-6.127000, -2.098000, -56.608000, 1410.500000
-6.385000, -1.928000, -56.666000, 1392.000000
-6.552000, -1.818000, -56.723000, 1404.000000
-6.805000, -1.653000, -56.780000, 1401.000000
-6.985000, -1.534000, -56.780000, 1404.500000
-7.219000, -1.381000, -56.837000, 1404.500000
-7.407000, -1.258000, -56.780000, 1404.500000
-7.643000, -1.103000, -56.666000, 1334.000000
-7.867000, -0.956000, -56.608000, 1290.500000
-8.030000, -0.848000, -56.494000, 301.500000
-8.073000, -0.820000, -56.436000, 3.000000
-8.115000, -0.792000, -56.436000, 9.000000
-8.176000, -0.751000, -56.379000, 3.000000
-8.194000, -0.739000, -56.379000, 0.000000
-8.194000, -0.739000, -56.379000, 0.000000
-8.199000, -0.736000, -56.436000, -3.000000
-8.193000, -0.740000, -56.436000, 0.000000
-8.193000, -0.740000, -56.436000, 0.000000
-8.188000, -0.743000, -56.379000, 3.000000
-8.188000, -0.743000, -56.379000, -3.000000
-8.188000, -0.743000, -56.379000, 0.000000
-8.193000, -0.740000, -56.436000, 3.000000
-8.193000, -0.740000, -56.436000, 0.000000
-8.188000, -0.743000, -56.379000, 0.000000
-8.193000, -0.740000, -56.436000, 3.000000
-8.193000, -0.740000, -56.436000, 0.000000
-8.188000, -0.743000, -56.379000, 3.000000
-8.188000, -0.743000, -56.379000, -3.000000
-8.188000, -0.743000, -56.379000, 0.000000
-8.188000, -0.743000, -56.379000, 6.000000
-8.188000, -0.743000, -56.379000, 3.000000
-8.188000, -0.743000, -56.379000, 0.000000
-8.188000, -0.743000, -56.379000, 0.000000
-8.188000, -0.743000, -56.379000, -3.000000
-8.188000, -0.743000, -56.379000, -3.000000
-8.188000, -0.743000, -56.379000, -3.000000
-8.188000, -0.743000, -56.379000, -3.000000
-8.193000, -0.740000, -56.436000, -6.000000
-8.188000, -0.743000, -56.379000, 0.000000
-8.188000, -0.743000, -56.379000, -3.000000
-8.188000, -0.743000, -56.379000, -3.000000
-8.188000, -0.743000, -56.379000, 0.000000
-8.188000, -0.743000, -56.379000, 0.000000
-8.188000, -0.743000, -56.379000, -3.000000
-8.188000, -0.743000, -56.379000, 0.000000
-8.188000, -0.743000, -56.379000, 0.000000
-8.188000, -0.743000, -56.379000, -3.000000
-8.188000, -0.743000, -56.379000, -3.000000
-8.188000, -0.743000, -56.379000, 0.000000
-8.188000, -0.743000, -56.379000, 3.000000
-8.188000, -0.743000, -56.379000, -3.000000
-8.188000, -0.743000, -56.379000, -3.000000
-8.188000, -0.743000, -56.379000, 6.000000
-8.188000, -0.743000, -56.379000, 0.000000
-8.188000, -0.743000, -56.379000, -3.000000
-8.188000, -0.743000, -56.379000, -3.000000
-8.188000, -0.743000, -56.379000, 0.000000
-8.188000, -0.743000, -56.379000, 6.000000
-8.188000, -0.743000, -56.379000, 0.000000
-8.188000, -0.743000, -56.379000, -3.000000
-8.177000, -0.750000, -56.264000, 3.000000
-8.177000, -0.750000, -56.264000, 0.000000
-8.188000, -0.743000, -56.379000, 0.000000
-8.188000, -0.743000, -56.379000, 0.000000
-8.183000, -0.747000, -56.322000, 6.000000
-8.183000, -0.747000, -56.322000, 6.000000
-8.188000, -0.743000, -56.379000, 0.000000
-8.183000, -0.747000, -56.322000, 0.000000
-8.183000, -0.747000, -56.322000, 3.000000
-8.183000, -0.747000, -56.322000, 3.000000
-8.183000, -0.747000, -56.322000, 0.000000
-8.183000, -0.747000, -56.322000, 3.000000
-8.183000, -0.747000, -56.322000, -3.000000
-8.183000, -0.747000, -56.322000, 0.000000
-8.183000, -0.747000, -56.322000, 0.000000
-8.183000, -0.747000, -56.322000, -3.000000
-8.183000, -0.747000, -56.322000, 0.000000
-8.183000, -0.747000, -56.322000, 0.000000
-8.183000, -0.747000, -56.322000, 3.000000
-8.183000, -0.747000, -56.322000, 3.000000
-8.183000, -0.747000, -56.322000, 3.000000
-8.183000, -0.747000, -56.322000, -31.000000
-8.060000, -0.828000, -56.494000, -3.000000
-8.061000, -0.828000, -56.895000, 21.500000
-8.057000, -0.831000, -57.181000, 9.000000
-8.049000, -0.836000, -57.353000, 9.000000
-8.047000, -0.837000, -57.468000, 3.000000
-8.047000, -0.837000, -57.468000, 9.000000
-8.041000, -0.841000, -57.468000, 9.000000
-8.028000, -0.849000, -57.525000, 15.500000
-8.032000, -0.847000, -57.697000, 9.000000
-8.022000, -0.853000, -57.983000, 0.000000
-8.017000, -0.856000, -58.327000, 9.500000
-7.991000, -0.872000, -58.843000, 18.500000
-7.953000, -0.895000, -59.759000, 18.500000
-7.884000, -0.933000, -61.937000, 24.500000
-7.881000, -0.935000, -64.744000, 37.000000
-7.814000, -0.964000, -69.614000, -6.000000
-7.774000, -0.976000, -74.313000, 58.500000
-7.761000, -0.974000, -81.131000, 15.000000
-7.915000, -0.958000, -88.694000, 12.500000
-7.838000, -0.955000, -96.830000, 15.000000
-7.931000, -0.974000, -103.705000, 18.500000
-7.843000, -0.952000, -112.644000, 3.000000
-7.823000, -0.942000, -120.092000, -28.000000
-7.866000, -0.978000, -129.718000, 25.000000
-7.896000, -1.011000, -137.453000, -31.000000
-8.043000, -1.224000, -148.339000, -55.500000
-8.078000, -1.292000, -153.266000, -83.500000
-8.163000, -1.492000, -161.460000, -9.000000
-8.160000, -1.485000, -164.955000, -3.000000
-8.164000, -1.499000, -167.533000, -3.000000
-8.166000, -1.511000, -168.564000, 0.000000
-8.163000, -1.496000, -169.023000, -3.000000
-8.161000, -1.484000, -168.908000, 0.000000
-8.155000, -1.453000, -168.621000, -3.000000
-8.154000, -1.447000, -168.564000, 0.000000
-8.155000, -1.453000, -168.621000, 0.000000
-8.155000, -1.453000, -168.621000, 6.000000
-8.155000, -1.453000, -168.621000, 3.000000
-8.155000, -1.453000, -168.621000, 3.000000
-8.155000, -1.453000, -168.621000, 0.000000
-8.155000, -1.453000, -168.621000, 3.000000
-8.155000, -1.453000, -168.621000, -3.000000
-8.155000, -1.453000, -168.621000, 3.000000
-8.155000, -1.453000, -168.621000, 0.000000
-8.155000, -1.453000, -168.621000, 0.000000
-8.155000, -1.453000, -168.621000, -6.000000
-8.155000, -1.453000, -168.621000, -3.000000
-8.155000, -1.453000, -168.621000, 0.000000
-8.155000, -1.453000, -168.621000, 0.000000
-8.155000, -1.453000, -168.621000, 3.000000
-8.155000, -1.453000, -168.621000, 6.000000
-8.155000, -1.453000, -168.621000, 0.000000
-8.155000, -1.453000, -168.621000, 0.000000
-8.155000, -1.453000, -168.621000, -3.000000
-8.155000, -1.453000, -168.621000, -3.000000
-8.155000, -1.453000, -168.621000, 3.000000
-8.155000, -1.453000, -168.621000, 0.000000
-8.154000, -1.447000, -168.564000, 3.000000
-8.154000, -1.447000, -168.564000, 3.000000
-8.154000, -1.447000, -168.564000, -3.000000
-8.154000, -1.447000, -168.564000, 3.000000
-8.154000, -1.447000, -168.564000, 3.000000
-8.152000, -1.441000, -168.507000, -3.000000
-8.162000, -1.490000, -168.507000, 825.500000
-8.167000, -1.512000, -168.450000, 890.500000
-8.175000, -1.555000, -168.450000, 1192.000000
-8.185000, -1.603000, -168.507000, 1296.500000
-8.207000, -1.708000, -168.564000, 1309.000000
-8.220000, -1.772000, -168.507000, 1309.000000
-8.240000, -1.872000, -168.450000, 1324.500000
-8.259000, -1.965000, -168.392000, 1420.000000
-8.275000, -2.042000, -168.392000, 1423.000000
-8.305000, -2.190000, -168.392000, 1423.000000
-8.333000, -2.324000, -168.392000, 1429.000000
-8.360000, -2.458000, -168.392000, 1573.500000
-8.406000, -2.678000, -168.335000, 1684.500000
-8.447000, -2.876000, -168.278000, 1903.500000
-8.501000, -3.138000, -168.220000, 2177.500000
-8.575000, -3.488000, -167.934000, 2270.000000
-8.635000, -3.764000, -167.418000, 2384.000000
-8.731000, -4.183000, -166.616000, 2399.500000
-8.831000, -4.593000, -165.929000, 2368.500000
-8.939000, -5.005000, -165.012000, 2365.500000
-9.059000, -5.442000, -164.152000, 2371.500000
-9.220000, -5.981000, -162.777000, 2375.000000
-9.333000, -6.336000, -162.032000, 2375.000000
-9.521000, -6.886000, -160.428000, 2380.500000
-9.674000, -7.301000, -159.340000, 2381.000000
-9.867000, -7.797000, -158.079000, 2384.000000
-10.041000, -8.218000, -157.105000, 2387.000000
-10.288000, -8.783000, -155.501000, 2393.000000
-10.459000, -9.154000, -154.756000, 2393.000000
-10.721000, -9.690000, -153.094000, 2390.000000
-10.934000, -10.102000, -152.006000, 2396.000000
-11.200000, -10.590000, -150.631000, 2393.000000
-11.418000, -10.968000, -149.485000, 2393.000000
-11.743000, -11.506000, -148.052000, 2390.000000
-11.959000, -11.844000, -146.906000, 2390.000000
-12.290000, -12.337000, -145.359000, 2387.000000
-12.550000, -12.704000, -143.870000, 2387.000000
-12.877000, -13.140000, -142.666000, 2378.000000
-13.150000, -13.488000, -141.177000, 2340.500000
-13.471000, -13.875000, -139.114000, 2337.500000
-13.573000, -13.988000, -137.281000, 2297.500000
-13.774000, -14.199000, -135.333000, 2254.500000
-13.848000, -14.273000, -134.244000, 2186.500000
-13.878000, -14.302000, -133.442000, 2177.500000
-13.886000, -14.309000, -133.270000, 2174.500000
-13.886000, -14.309000, -133.270000, 2174.500000
-13.886000, -14.309000, -133.270000, 2171.500000
-13.886000, -14.309000, -133.270000, 2109.500000
-13.886000, -14.309000, -133.270000, 1783.500000
-13.886000, -14.309000, -133.270000, 1611.000000
-13.886000, -14.309000, -133.270000, 1300.000000
-13.886000, -14.309000, -133.270000, 1053.500000
-13.886000, -14.309000, -133.270000, 942.500000
-13.860000, -14.284000, -133.270000, 12.000000
-13.837000, -14.263000, -133.385000, 3.000000
-13.831000, -14.257000, -133.442000, 0.000000
-13.827000, -14.253000, -133.385000, 0.000000
-13.827000, -14.253000, -133.385000, 0.000000
-13.827000, -14.253000, -133.385000, -3.000000
-13.827000, -14.253000, -133.385000, 6.000000
-13.827000, -14.253000, -133.385000, 0.000000
-13.827000, -14.253000, -133.385000, 3.000000
-13.827000, -14.253000, -133.385000, 0.000000
endData