0.000000, 0.000000, 0.000000, 0.000000
0.000000, 0.000000, 0.000000, 3.000000
0.000000, 0.000000, 0.000000, 3.000000
0.000000, 0.000000, 0.000000, -3.000000
0.000000, 0.000000, 0.000000, 0.000000
0.000000, 0.000000, 0.000000, 3.000000
0.000000, 0.000000, 0.000000, 6.000000
0.000000, 0.000000, 0.000000, 0.000000
0.000000, 0.000000, 0.000000, 0.000000
0.000000, 0.000000, 0.000000, 0.000000
-0.000000, 0.039000, -0.229000, 921.000000
-0.001000, 0.211000, -0.286000, 1219.500000
-0.001000, 0.327000, -0.229000, 1386.000000
-0.002000, 0.377000, -0.286000, 1346.000000
-0.002000, 0.442000, -0.286000, 1419.500000
-0.002000, 0.520000, -0.344000, 1426.000000
-0.003000, 0.613000, -0.344000, 1416.500000
-0.003000, 0.700000, -0.344000, 1438.500000
-0.004000, 0.787000, -0.286000, 1355.000000
-0.005000, 0.902000, -0.286000, 1422.500000
-0.005000, 1.003000, -0.286000, 1438.500000
-0.006000, 1.133000, -0.286000, 1438.500000
-0.007000, 1.321000, -0.229000, 1444.500000
-0.007000, 1.466000, -0.172000, 1441.500000
-0.008000, 1.618000, -0.115000, 1450.500000
-0.008000, 1.828000, -0.057000, 1450.500000
-0.008000, 2.001000, 0.000000, 1450.500000
-0.008000, 2.174000, 0.000000, 1450.500000
-0.008000, 2.377000, 0.057000, 1401.500000
-0.008000, 2.558000, 0.115000, 1456.500000
-0.007000, 2.759000, 0.115000, 1358.500000
-0.007000, 2.998000, 0.172000, 1441.000000
-0.006000, 3.185000, 0.172000, 1450.500000
-0.005000, 3.438000, 0.229000, 1361.500000
-0.004000, 3.640000, 0.286000, 1466.000000
-0.003000, 3.850000, 0.344000, 1466.500000
-0.002000, 4.082000, 0.401000, 1358.500000
-0.000000, 4.290000, 0.401000, 1435.500000
0.002000, 4.529000, 0.458000, 1380.000000
0.003000, 4.711000, 0.573000, 1453.500000
0.005000, 4.906000, 0.630000, 1456.500000
0.008000, 5.159000, 0.688000, 1463.000000
0.011000, 5.376000, 0.745000, 1441.500000
0.014000, 5.643000, 0.802000, 1377.000000
0.017000, 5.859000, 0.802000, 1364.500000
0.020000, 6.062000, 0.859000, 1367.500000
0.024000, 6.314000, 0.859000, 1444.500000
0.027000, 6.515000, 0.859000, 1469.500000
0.031000, 6.755000, 0.974000, 1456.500000
0.034000, 6.950000, 1.031000, 1466.500000
0.038000, 7.166000, 1.031000, 1414.000000
0.043000, 7.418000, 1.031000, 1361.500000
0.046000, 7.619000, 1.031000, 1361.500000
0.051000, 7.872000, 1.089000, 1472.500000
0.055000, 8.095000, 1.089000, 1370.500000
0.060000, 8.305000, 1.146000, 1459.500000
0.064000, 8.521000, 1.146000, 1466.000000
0.069000, 8.795000, 1.146000, 1373.500000
0.074000, 9.004000, 1.203000, 1457.000000
0.078000, 9.220000, 1.203000, 1463.000000
0.083000, 9.465000, 1.203000, 1380.000000
0.087000, 9.652000, 1.203000, 1352.500000
0.091000, 9.847000, 1.261000, 1364.500000
0.097000, 10.085000, 1.261000, 1355.500000
0.101000, 10.287000, 1.318000, 1355.500000
0.105000, 10.460000, 1.318000, 1355.000000
0.110000, 10.690000, 1.318000, 1349.500000
0.115000, 10.892000, 1.318000, 1355.500000
0.119000, 11.058000, 1.375000, 1358.500000
0.125000, 11.318000, 1.375000, 1367.500000
0.130000, 11.505000, 1.375000, 1364.500000
0.134000, 11.706000, 1.375000, 1361.500000
0.140000, 11.937000, 1.432000, 1358.500000
0.145000, 12.132000, 1.432000, 1358.500000
0.150000, 12.313000, 1.490000, 1358.500000
0.156000, 12.544000, 1.547000, 1352.500000
0.160000, 12.724000, 1.547000, 1340.000000
0.165000, 12.898000, 1.604000, 1343.000000
0.172000, 13.128000, 1.604000, 1275.500000
0.176000, 13.287000, 1.662000, 1146.000000
0.186000, 13.614000, 1.833000, 18.500000
1.003000, 14.930000, 79.355000, -6.000000
0.904000, 14.914000, 80.672000, -954.500000
0.734000, 14.886000, 80.730000, -1078.000000
0.676000, 14.877000, 80.672000, -1293.500000
0.618000, 14.867000, 80.558000, -1410.500000
0.566000, 14.858000, 80.443000, -1420.000000
0.493000, 14.846000, 80.329000, -1429.000000
0.385000, 14.827000, 80.214000, -1447.500000
0.285000, 14.810000, 80.157000, -1570.500000
0.169000, 14.790000, 80.042000, -1580.000000
-0.003000, 14.760000, 79.928000, -1678.500000
-0.152000, 14.733000, 79.928000, -1783.500000
-0.322000, 14.703000, 79.928000, -1863.500000
-0.542000, 14.664000, 79.870000, -1715.500000
-0.747000, 14.627000, 79.928000, -1762.000000
-0.953000, 14.591000, 79.928000, -1709.500000
-1.215000, 14.544000, 79.928000, -1709.500000
-1.450000, 14.502000, 79.870000, -1792.500000
-1.676000, 14.462000, 79.870000, -1721.500000
-1.975000, 14.408000, 79.813000, -1823.500000
-2.224000, 14.363000, 79.756000, -1817.000000
-2.545000, 14.305000, 79.641000, -1722.000000
-2.787000, 14.260000, 79.527000, -1792.500000
-3.030000, 14.215000, 79.412000, -1718.500000
-3.316000, 14.161000, 79.240000, -1795.500000
-3.557000, 14.115000, 79.183000, -1724.500000
-3.855000, 14.059000, 79.125000, -1715.500000
-4.102000, 14.011000, 79.125000, -1808.000000
-4.351000, 13.963000, 79.068000, -1798.500000
-4.663000, 13.903000, 79.011000, -1740.500000
-4.904000, 13.856000, 78.954000, -1725.000000
-5.236000, 13.791000, 78.954000, -1783.500000
-5.477000, 13.744000, 78.896000, -1724.500000
-5.713000, 13.697000, 78.724000, -1724.500000
-6.033000, 13.633000, 78.610000, -1789.500000
-6.274000, 13.584000, 78.495000, -1811.000000
-6.586000, 13.521000, 78.438000, -1721.500000
-6.834000, 13.469000, 78.323000, -1725.000000
-7.082000, 13.418000, 78.266000, -1721.500000
-7.401000, 13.352000, 78.151000, -1820.000000
-7.649000, 13.299000, 78.037000, -1755.500000
-7.946000, 13.236000, 77.980000, -1808.000000
-8.208000, 13.181000, 77.922000, -1725.000000
-8.469000, 13.125000, 77.865000, -1820.000000
-8.780000, 13.057000, 77.750000, -1728.000000
-9.035000, 13.002000, 77.693000, -1728.000000
-9.345000, 12.934000, 77.636000, -1734.000000
-9.592000, 12.880000, 77.578000, -1722.000000
-9.846000, 12.824000, 77.521000, -1721.500000
-10.162000, 12.754000, 77.521000, -1752.500000
-10.466000, 12.687000, 77.464000, -1728.000000
-10.719000, 12.630000, 77.464000, -1725.000000
-10.958000, 12.577000, 77.407000, -1715.500000
-11.198000, 12.523000, 77.349000, -1721.500000
-11.500000, 12.456000, 77.349000, -1718.500000
-11.733000, 12.403000, 77.292000, -1712.500000
-11.951000, 12.354000, 77.292000, -1715.500000
-12.218000, 12.294000, 77.292000, -1792.500000
-12.428000, 12.246000, 77.292000, -1700.000000
-12.603000, 12.207000, 77.349000, -1706.000000
-12.826000, 12.157000, 77.464000, -1697.000000
-12.995000, 12.120000, 77.464000, -1694.000000
-13.155000, 12.084000, 77.521000, -1693.500000
-13.331000, 12.045000, 77.521000, -1687.500000
-13.492000, 12.010000, 77.578000, -1687.500000
-13.625000, 11.980000, 77.578000, -1681.500000
-13.794000, 11.943000, 77.578000, -1687.500000
-13.921000, 11.915000, 77.578000, -1774.000000
-14.060000, 11.885000, 77.636000, -1684.500000
-14.222000, 11.849000, 77.636000, -1684.500000
-14.370000, 11.817000, 77.636000, -1687.500000
-14.518000, 11.785000, 77.636000, -1712.500000
-14.686000, 11.748000, 77.636000, -1700.000000
-14.813000, 11.720000, 77.636000, -1691.000000
-14.960000, 11.688000, 77.693000, -1681.500000
-15.136000, 11.649000, 77.693000, -1688.000000
-15.283000, 11.617000, 77.693000, -1681.500000
-15.410000, 11.589000, 77.693000, -1768.000000
-15.587000, 11.551000, 77.636000, -1688.000000
-15.734000, 11.518000, 77.636000, -1681.500000
-15.868000, 11.489000, 77.636000, -1577.000000
-16.031000, 11.453000, 77.578000, -1678.500000
-16.170000, 11.423000, 77.636000, -1681.500000
-16.297000, 11.395000, 77.636000, -1675.500000
-16.459000, 11.359000, 77.636000, -1349.500000
-16.578000, 11.333000, 77.636000, -1121.000000
-16.595000, 11.329000, 77.464000, 37.000000
-16.623000, 11.565000, -5.901000, -3.000000
-16.648000, 11.730000, -9.282000, 643.500000
-16.667000, 11.851000, -9.282000, 1161.000000
-16.686000, 11.964000, -9.282000, 1644.500000
-16.702000, 12.065000, -9.225000, 1820.500000
-16.722000, 12.187000, -9.167000, 1955.500000
-16.753000, 12.380000, -9.110000, 1971.000000
-16.780000, 12.550000, -9.110000, 1971.500000
-16.813000, 12.755000, -9.167000, 2079.000000
-16.858000, 13.033000, -9.167000, 1989.500000
-16.898000, 13.280000, -9.225000, 2066.500000
-16.939000, 13.529000, -9.225000, 2094.500000
-16.984000, 13.807000, -9.167000, 2100.500000
-17.044000, 14.177000, -9.167000, 2097.500000
-17.092000, 14.475000, -9.167000, 2100.500000
-17.142000, 14.789000, -9.110000, 2109.500000
-17.209000, 15.208000, -9.110000, 2115.500000
-17.260000, 15.522000, -9.053000, 2112.500000
-17.317000, 15.885000, -9.053000, 2131.500000
-17.391000, 16.347000, -9.053000, 2146.500000
-17.447000, 16.696000, -8.995000, 2116.000000
-17.502000, 17.046000, -8.938000, 2128.500000
-17.576000, 17.515000, -8.938000, 2137.500000
-17.634000, 17.886000, -8.881000, 2122.500000
-17.687000, 18.227000, -8.881000, 2125.500000
-17.756000, 18.668000, -8.881000, 2131.500000
-17.814000, 19.038000, -8.881000, 2125.500000
-17.868000, 19.387000, -8.881000, 2128.500000
-17.939000, 19.842000, -8.881000, 2125.500000
-17.998000, 20.219000, -8.881000, 2140.500000
-18.068000, 20.668000, -8.824000, 2128.500000
-18.124000, 21.033000, -8.709000, 2131.500000
-18.181000, 21.404000, -8.652000, 2149.500000
-18.251000, 21.867000, -8.594000, 2134.500000
-18.305000, 22.224000, -8.537000, 2137.500000
-18.375000, 22.696000, -8.422000, 2146.500000
-18.433000, 23.088000, -8.422000, 2134.500000
-18.487000, 23.452000, -8.365000, 2125.500000
-18.561000, 23.952000, -8.308000, 2128.000000
-18.618000, 24.345000, -8.193000, 2146.500000
-18.683000, 24.801000, -8.193000, 2125.000000
-18.738000, 25.180000, -8.136000, 2193.000000
-18.793000, 25.574000, -8.021000, 2184.000000
-18.856000, 26.017000, -7.964000, 2146.500000
-18.901000, 26.347000, -7.850000, 1638.500000
-18.955000, 26.738000, -7.907000, 1195.000000
-19.066000, 27.536000, -8.422000, 43.000000
-18.937000, 27.210000, -34.893000, 0.000000
-18.957000, 27.239000, -34.893000, 782.000000
-19.044000, 27.364000, -34.836000, 1044.500000
-19.135000, 27.494000, -34.836000, 1161.000000
-19.160000, 27.530000, -34.779000, 1260.000000
-19.207000, 27.598000, -34.607000, 1454.000000
-19.257000, 27.671000, -34.492000, 1463.000000
-19.323000, 27.767000, -34.377000, 1629.500000
-19.389000, 27.863000, -34.320000, 1641.500000
-19.470000, 27.982000, -34.320000, 1629.500000
-19.567000, 28.125000, -34.320000, 1641.500000
-19.665000, 28.267000, -34.320000, 1632.500000
-19.787000, 28.447000, -34.263000, 1638.500000
-19.889000, 28.596000, -34.206000, 1638.500000
-20.002000, 28.763000, -34.206000, 1638.500000
-20.144000, 28.972000, -34.148000, 1657.000000
-20.285000, 29.180000, -34.206000, 1650.500000
-20.402000, 29.352000, -34.206000, 1647.500000
-20.572000, 29.603000, -34.206000, 1660.000000
-20.690000, 29.776000, -34.148000, 1644.500000
-20.816000, 29.962000, -34.091000, 1663.500000
-20.981000, 30.205000, -34.148000, 1672.500000
-21.102000, 30.384000, -34.148000, 1650.500000
-21.231000, 30.575000, -34.148000, 1660.500000
-21.397000, 30.820000, -34.091000, 1660.500000
-21.519000, 31.000000, -34.034000, 1657.000000
-21.648000, 31.191000, -33.976000, 1746.500000
-21.814000, 31.438000, -33.862000, 1835.500000
-21.946000, 31.635000, -33.862000, 1928.000000
-22.083000, 31.839000, -33.805000, 1986.500000
-22.276000, 32.127000, -33.747000, 2091.500000
-22.436000, 32.368000, -33.690000, 2085.500000
-22.592000, 32.601000, -33.690000, 2091.500000
-22.820000, 32.944000, -33.633000, 2186.500000
-23.000000, 33.214000, -33.575000, 2205.500000
-23.179000, 33.484000, -33.575000, 2205.500000
-23.426000, 33.857000, -33.518000, 2208.500000
-23.621000, 34.152000, -33.461000, 2220.500000
-23.809000, 34.436000, -33.346000, 2199.500000
-24.059000, 34.817000, -33.232000, 2202.500000
-24.264000, 35.131000, -33.174000, 2220.500000
-24.469000, 35.444000, -33.174000, 2214.500000
-24.697000, 35.793000, -33.232000, 2251.500000
-24.862000, 36.043000, -33.403000, 2267.000000
-25.046000, 36.320000, -33.747000, 2245.500000
-25.283000, 36.672000, -34.206000, 2279.000000
-25.502000, 36.992000, -34.721000, 2304.000000
-25.719000, 37.302000, -35.294000, 2267.000000
-26.002000, 37.696000, -36.039000, 2263.500000
-26.230000, 38.007000, -36.669000, 2199.000000
-26.467000, 38.321000, -37.242000, 2251.500000
-26.788000, 38.737000, -38.102000, 2260.500000
-27.122000, 39.159000, -38.675000, 2159.000000
-27.452000, 39.567000, -39.133000, 2183.500000
-27.691000, 39.860000, -39.362000, 2211.500000
-27.928000, 40.148000, -39.420000, 2208.500000
-28.230000, 40.515000, -39.420000, 2223.500000
-28.463000, 40.799000, -39.420000, 2211.500000
-28.761000, 41.161000, -39.362000, 2233.000000
-29.003000, 41.457000, -39.305000, 2223.500000
-29.250000, 41.758000, -39.305000, 2220.500000
-29.550000, 42.125000, -39.362000, 2239.500000
-29.797000, 42.425000, -39.362000, 2217.500000
-30.089000, 42.783000, -39.305000, 2128.500000
-30.313000, 43.056000, -39.248000, 2211.500000
-30.559000, 43.358000, -39.248000, 2196.000000
-30.856000, 43.721000, -39.190000, 2214.500000
-31.079000, 43.994000, -39.190000, 2208.500000
-31.379000, 44.363000, -39.133000, 2220.500000
-31.620000, 44.660000, -39.076000, 2227.000000
-31.861000, 44.956000, -39.076000, 2211.500000
-32.160000, 45.325000, -39.076000, 2208.500000
-32.405000, 45.627000, -39.076000, 2229.500000
-32.723000, 46.018000, -39.076000, 2217.500000
-32.982000, 46.338000, -39.018000, 2223.500000
-33.223000, 46.635000, -38.961000, 2196.000000
-33.531000, 47.017000, -38.904000, 2229.500000
-33.785000, 47.330000, -38.904000, 2230.000000
-34.084000, 47.702000, -38.789000, 2223.500000
-34.386000, 48.079000, -38.732000, 2131.500000
-34.630000, 48.384000, -38.617000, 2211.500000
-34.861000, 48.673000, -38.445000, 2125.000000
-35.166000, 49.058000, -38.388000, 2168.500000
-35.403000, 49.358000, -38.331000, 2143.500000
-35.649000, 49.670000, -38.216000, 2137.500000
-35.953000, 50.056000, -38.159000, 2125.000000
-36.189000, 50.356000, -38.102000, 2029.500000
-36.429000, 50.662000, -38.102000, 1977.500000
-36.647000, 50.941000, -38.044000, 1955.500000
-36.918000, 51.286000, -38.044000, 1617.000000
-37.122000, 51.548000, -37.987000, 1213.500000
-37.650000, 52.223000, -38.445000, 15.000000
-38.477000, 53.705000, -16.960000, 6.000000
-38.483000, 53.725000, -17.017000, 939.500000
-38.491000, 53.752000, -17.017000, 1139.500000
-38.497000, 53.773000, -17.017000, 1139.500000
-38.525000, 53.862000, -17.074000, 1364.500000
-38.550000, 53.944000, -17.074000, 1466.000000
-38.584000, 54.054000, -17.074000, 1580.000000
-38.626000, 54.192000, -17.074000, 1638.500000
-38.671000, 54.338000, -17.017000, 1635.500000
-38.721000, 54.503000, -17.017000, 1635.500000
-38.782000, 54.703000, -16.960000, 1648.000000
-38.843000, 54.903000, -16.960000, 1801.500000
-38.906000, 55.110000, -16.960000, 1863.500000
-38.982000, 55.358000, -16.902000, 1838.500000
-39.056000, 55.600000, -16.845000, 1847.500000
-39.156000, 55.931000, -16.845000, 1851.000000
-39.233000, 56.185000, -16.902000, 1851.000000
-39.314000, 56.453000, -16.960000, 1851.000000
-39.419000, 56.796000, -17.017000, 1980.500000
-39.505000, 57.078000, -17.074000, 2140.500000
-39.622000, 57.455000, -17.131000, 2143.500000
-39.715000, 57.757000, -17.189000, 2014.000000
-39.804000, 58.046000, -17.189000, 2014.500000
-39.923000, 58.431000, -17.189000, 2005.000000
-40.026000, 58.762000, -17.131000, 2011.500000
-40.147000, 59.155000, -17.074000, 1995.500000
-40.238000, 59.451000, -17.074000, 2011.500000
-40.333000, 59.761000, -17.074000, 2008.500000
-40.461000, 60.180000, -17.131000, 2014.500000
-40.559000, 60.496000, -17.131000, 2002.000000
-40.682000, 60.896000, -17.074000, 2014.500000
-40.786000, 61.233000, -17.074000, 2014.500000
-40.881000, 61.544000, -17.017000, 2005.000000
-41.003000, 61.944000, -16.960000, 1995.500000
-41.102000, 62.268000, -16.960000, 1998.500000
-41.221000, 62.660000, -16.960000, 1995.500000
-41.320000, 62.984000, -16.960000, 1992.500000
-41.415000, 63.295000, -16.902000, 2005.000000
-41.532000, 63.682000, -16.845000, 1998.500000
-41.632000, 64.012000, -16.845000, 2008.000000
-41.763000, 64.446000, -16.902000, 2076.000000
-41.870000, 64.796000, -16.960000, 2008.000000
-41.967000, 65.113000, -16.960000, 2008.000000
-42.101000, 65.553000, -16.960000, 2066.500000
-42.219000, 65.937000, -17.074000, 2085.500000
-42.354000, 66.379000, -16.960000, 1946.500000
-42.447000, 66.685000, -16.788000, 1817.500000
-42.543000, 67.004000, -16.673000, 1731.000000
-42.671000, 67.434000, -16.558000, 1675.500000
-42.782000, 67.806000, -16.616000, 1198.000000
-42.844000, 68.013000, -16.558000, 1007.000000
-43.031000, 68.643000, -16.902000, -3.000000
-43.031000, 68.643000, -16.902000, 0.000000
-43.031000, 68.643000, -16.902000, -3.000000
-43.031000, 68.643000, -16.902000, 3.000000
-43.031000, 68.643000, -16.902000, 3.000000
-43.031000, 68.643000, -16.902000, 6.000000
-43.031000, 68.643000, -16.902000, -3.000000
-43.031000, 68.643000, -16.902000, 0.000000
-43.031000, 68.643000, -16.902000, 3.000000
-43.025000, 68.622000, -16.902000, -884.000000
-43.010000, 68.574000, -16.902000, -1284.500000
-43.004000, 68.553000, -16.902000, -1426.000000
-42.987000, 68.498000, -16.902000, -1641.500000
-42.966000, 68.428000, -16.960000, -1980.500000
-42.945000, 68.359000, -17.017000, -2091.500000
-42.907000, 68.235000, -17.017000, -2100.500000
-42.869000, 68.111000, -17.017000, -2100.500000
-42.818000, 67.945000, -17.074000, -2113.000000
-42.763000, 67.766000, -17.074000, -2116.000000
-42.708000, 67.586000, -17.131000, -2125.000000
-42.633000, 67.343000, -17.246000, -2134.500000
-42.561000, 67.115000, -17.361000, -2131.000000
-42.472000, 66.830000, -17.533000, -2134.500000
-42.397000, 66.595000, -17.647000, -2137.500000
-42.318000, 66.347000, -17.762000, -2143.500000
-42.214000, 66.023000, -17.876000, -2143.500000
-42.127000, 65.755000, -17.934000, -2149.500000
-42.015000, 65.411000, -17.991000, -2149.500000
-41.922000, 65.123000, -18.048000, -2051.500000
-41.827000, 64.834000, -18.163000, -2152.500000
-41.710000, 64.477000, -18.220000, -2153.000000
-41.617000, 64.195000, -18.335000, -2063.500000
-41.498000, 63.838000, -18.449000, -2045.000000
-41.406000, 63.563000, -18.564000, -2045.000000
-41.309000, 63.276000, -18.621000, -1977.500000
-41.187000, 62.913000, -18.678000, -2045.000000
-41.090000, 62.627000, -18.678000, -2045.000000
-40.967000, 62.264000, -18.793000, -2042.000000
-40.867000, 61.970000, -18.850000, -2051.500000
-40.771000, 61.689000, -18.908000, -1952.500000
-40.647000, 61.328000, -18.965000, -1959.000000
-40.543000, 61.027000, -19.022000, -2054.500000
-40.425000, 60.686000, -19.079000, -1755.500000
-40.328000, 60.406000, -19.137000, -1734.000000
-40.231000, 60.127000, -19.194000, -1722.000000
-40.122000, 59.813000, -19.251000, -1712.500000
-40.038000, 59.573000, -19.366000, -1706.000000
-39.930000, 59.267000, -19.423000, -1709.500000
-39.855000, 59.056000, -19.481000, -1703.000000
-39.761000, 58.790000, -19.538000, -1706.500000
-39.684000, 58.572000, -19.595000, -1700.000000
-39.604000, 58.347000, -19.652000, -1700.000000
-39.509000, 58.082000, -19.710000, -1700.000000
-39.436000, 57.878000, -19.767000, -1687.500000
-39.364000, 57.680000, -19.882000, -1700.000000
-39.269000, 57.416000, -19.882000, -1694.000000
-39.194000, 57.206000, -19.824000, -1700.000000
-39.125000, 57.017000, -19.824000, -1694.000000
-39.032000, 56.759000, -19.824000, -1697.000000
-38.964000, 56.569000, -19.882000, -1700.000000
-38.890000, 56.366000, -19.882000, -1694.000000
-38.804000, 56.128000, -19.939000, -1684.500000
-38.738000, 55.945000, -19.939000, -1687.500000
-38.669000, 55.756000, -19.939000, -1687.500000
-38.583000, 55.519000, -19.939000, -1681.500000
-38.514000, 55.329000, -19.939000, -1688.000000
-38.452000, 55.159000, -19.996000, -1684.500000
-38.369000, 54.929000, -19.996000, -1681.500000
-38.307000, 54.760000, -19.996000, -1687.500000
-38.243000, 54.584000, -19.996000, -1687.500000
-38.162000, 54.361000, -19.996000, -1666.500000
-38.095000, 54.178000, -19.996000, -1586.500000
-38.036000, 54.015000, -20.054000, -1512.000000
-37.959000, 53.806000, -20.054000, -1401.500000
-37.905000, 53.656000, -20.111000, -1303.000000
-37.855000, 53.521000, -20.111000, -973.500000
-37.811000, 53.401000, -19.996000, 40.000000
-38.680000, 53.541000, -94.194000, 24.500000
-38.994000, 53.504000, -98.090000, 733.000000
-39.059000, 53.495000, -98.090000, 896.500000
-39.073000, 53.493000, -98.090000, 893.000000
-39.087000, 53.491000, -98.090000, 853.500000
-39.116000, 53.487000, -98.090000, 954.500000
-39.116000, 53.487000, -98.090000, 954.500000
-39.116000, 53.487000, -98.090000, 951.500000
-39.130000, 53.485000, -98.090000, 951.500000
-39.130000, 53.485000, -98.090000, 945.500000
-39.144000, 53.483000, -98.090000, 951.500000
-39.144000, 53.483000, -98.090000, 942.500000
-39.151000, 53.482000, -98.090000, 942.500000
-39.151000, 53.482000, -98.090000, 945.500000
-39.157000, 53.481000, -98.148000, 942.500000
-39.157000, 53.481000, -98.148000, 942.500000
-39.157000, 53.481000, -98.148000, 942.500000
-39.157000, 53.481000, -98.148000, 945.500000
-39.157000, 53.481000, -98.148000, 942.500000
-39.157000, 53.481000, -98.148000, 939.500000
-39.165000, 53.480000, -98.148000, 936.500000
-39.165000, 53.480000, -98.148000, 942.500000
-39.179000, 53.478000, -98.148000, 954.500000
-39.186000, 53.477000, -98.148000, 1047.500000
-39.194000, 53.475000, -98.090000, 1047.500000
-39.194000, 53.475000, -98.090000, 1044.500000
-39.201000, 53.474000, -98.090000, 1038.000000
-39.214000, 53.473000, -98.148000, 1041.000000
-39.222000, 53.472000, -98.148000, 1068.500000
-39.230000, 53.470000, -98.090000, 1195.000000
-39.244000, 53.468000, -98.090000, 1192.000000
-39.264000, 53.465000, -98.148000, 1192.000000
-39.279000, 53.463000, -98.148000, 1195.000000
-39.279000, 53.463000, -98.148000, 1192.000000
-39.279000, 53.463000, -98.148000, 1201.500000
-39.294000, 53.461000, -98.090000, 1198.500000
-39.301000, 53.460000, -98.090000, 1195.500000
-39.321000, 53.457000, -98.148000, 1182.500000
-39.315000, 53.458000, -98.090000, 1192.000000
-39.322000, 53.457000, -98.090000, 1284.500000
-39.358000, 53.452000, -98.090000, 1290.500000
-39.358000, 53.452000, -98.090000, 1299.500000
-39.401000, 53.446000, -98.090000, 1398.500000
-39.443000, 53.440000, -98.090000, 1404.500000
-39.486000, 53.434000, -98.090000, 1404.500000
-39.550000, 53.425000, -98.090000, 1404.500000
-39.615000, 53.416000, -98.090000, 1413.500000
-39.700000, 53.403000, -98.090000, 1416.500000
-39.778000, 53.392000, -98.090000, 1416.500000
-39.877000, 53.378000, -98.148000, 1413.500000
-39.963000, 53.366000, -98.148000, 1416.500000
-40.063000, 53.352000, -98.148000, 1422.500000
-40.191000, 53.333000, -98.148000, 1413.500000
-40.299000, 53.318000, -98.090000, 1419.500000
-40.414000, 53.302000, -98.033000, 1419.500000
-40.571000, 53.280000, -98.033000, 1422.500000
-40.699000, 53.261000, -98.033000, 1432.500000
-40.841000, 53.241000, -98.033000, 1429.000000
-40.971000, 53.223000, -97.976000, 1432.500000
-41.137000, 53.200000, -97.861000, 1429.000000
-41.286000, 53.179000, -97.861000, 1435.500000
-41.429000, 53.160000, -97.861000, 1432.500000
-41.600000, 53.136000, -97.861000, 1435.500000
-41.751000, 53.115000, -97.804000, 1429.000000
-41.901000, 53.095000, -97.804000, 1438.500000
-42.086000, 53.069000, -97.804000, 1398.500000
-42.236000, 53.049000, -97.804000, 1413.500000
-42.393000, 53.027000, -97.804000, 1435.000000
-42.579000, 53.002000, -97.747000, 1438.500000
-42.729000, 52.982000, -97.747000, 1435.500000
-42.879000, 52.961000, -97.747000, 1438.500000
-43.072000, 52.935000, -97.747000, 1435.500000
-43.221000, 52.915000, -97.747000, 1435.500000
-43.365000, 52.895000, -97.689000, 1441.500000
-43.558000, 52.869000, -97.689000, 1429.000000
-43.722000, 52.847000, -97.689000, 1432.500000
-43.879000, 52.826000, -97.689000, 1438.500000
-44.071000, 52.800000, -97.689000, 1438.500000
-44.235000, 52.778000, -97.689000, 1435.500000
-44.385000, 52.757000, -97.689000, 1441.500000
-44.572000, 52.732000, -97.632000, 1426.000000
-44.736000, 52.710000, -97.632000, 1432.000000
-44.907000, 52.687000, -97.632000, 1438.500000
-45.064000, 52.666000, -97.632000, 1441.500000
-45.200000, 52.648000, -97.632000, 1429.500000
-45.385000, 52.623000, -97.632000, 1441.500000
-45.535000, 52.603000, -97.632000, 1407.500000
-45.712000, 52.579000, -97.689000, 1429.000000
-45.841000, 52.562000, -97.689000, 1423.000000
-45.949000, 52.547000, -97.632000, 1419.500000
-46.107000, 52.526000, -97.575000, 1429.000000
-46.215000, 52.512000, -97.517000, 1426.000000
-46.379000, 52.490000, -97.517000, 1426.000000
-46.500000, 52.474000, -97.517000, 1330.500000
-46.614000, 52.459000, -97.517000, 1429.000000
-46.758000, 52.440000, -97.460000, 1435.500000
-46.887000, 52.424000, -97.460000, 1426.000000
-47.030000, 52.405000, -97.403000, 1432.500000
-47.145000, 52.390000, -97.403000, 1432.000000
-47.280000, 52.372000, -97.403000, 1429.500000
-47.437000, 52.352000, -97.403000, 1426.000000
-47.566000, 52.335000, -97.403000, 1361.000000
-47.710000, 52.317000, -97.346000, 1422.500000
-47.837000, 52.300000, -97.403000, 1432.500000
-47.951000, 52.285000, -97.403000, 1426.000000
-48.101000, 52.266000, -97.403000, 1429.000000
-48.224000, 52.250000, -97.346000, 1426.000000
-48.367000, 52.232000, -97.288000, 1423.000000
-48.489000, 52.216000, -97.288000, 1429.500000
-48.666000, 52.193000, -97.346000, 1417.000000
-48.805000, 52.176000, -97.174000, 1444.500000
-48.961000, 52.156000, -96.830000, 1447.500000
-49.156000, 52.134000, -96.257000, 1450.500000
-49.309000, 52.118000, -95.684000, 1457.000000
-49.470000, 52.103000, -95.054000, 1463.000000
-49.662000, 52.087000, -94.252000, 1463.000000
-49.790000, 52.078000, -93.449000, 1466.000000
-49.908000, 52.072000, -92.876000, 1469.500000
-50.072000, 52.064000, -92.533000, 1324.500000
-50.201000, 52.059000, -92.533000, 1420.000000
-50.308000, 52.054000, -92.590000, 1327.500000
-50.444000, 52.048000, -92.647000, 1315.000000
-50.559000, 52.042000, -92.647000, 1315.500000
-50.652000, 52.038000, -92.647000, 1315.500000
-50.754000, 52.033000, -92.590000, 1306.000000
-50.839000, 52.029000, -92.647000, 1306.000000
-50.904000, 52.026000, -92.647000, 1309.000000
-50.954000, 52.024000, -92.647000, 1302.500000
-51.026000, 52.021000, -92.647000, 1207.500000
-51.069000, 52.019000, -92.647000, 1201.500000
-51.113000, 52.017000, -92.647000, 1195.000000
-51.163000, 52.014000, -92.647000, 1201.500000
-51.199000, 52.013000, -92.647000, 1201.500000
-51.255000, 52.010000, -92.705000, 1201.500000
-51.285000, 52.009000, -92.647000, 1192.000000
-51.320000, 52.007000, -92.705000, 1192.000000
-51.356000, 52.005000, -92.705000, 1198.000000
-51.385000, 52.004000, -92.705000, 1195.500000
-51.406000, 52.003000, -92.705000, 1189.000000
-51.428000, 52.002000, -92.705000, 1253.500000
-51.450000, 52.001000, -92.705000, 1179.500000
-51.457000, 52.001000, -92.705000, 1189.000000
-51.470000, 52.000000, -92.762000, 1198.500000
-51.471000, 52.000000, -92.705000, 1201.500000
-51.486000, 51.999000, -92.705000, 1192.000000
-51.492000, 51.999000, -92.762000, 1189.000000
-51.493000, 51.999000, -92.705000, 1185.500000
-51.499000, 51.999000, -92.762000, 1192.000000
-51.499000, 51.999000, -92.762000, 1278.500000
-51.506000, 51.998000, -92.762000, 1192.000000
-51.506000, 51.998000, -92.762000, 1195.500000
-51.506000, 51.998000, -92.762000, 1195.000000
-51.506000, 51.998000, -92.762000, 1226.000000
-51.513000, 51.998000, -92.762000, 1219.500000
-51.513000, 51.998000, -92.762000, 1275.500000
-51.513000, 51.998000, -92.762000, 1296.500000
-51.521000, 51.998000, -92.762000, 1293.500000
-51.535000, 51.997000, -92.762000, 1404.500000
-51.549000, 51.996000, -92.762000, 1401.500000
-51.564000, 51.996000, -92.762000, 1395.500000
-51.593000, 51.994000, -92.762000, 1398.500000
-51.607000, 51.993000, -92.762000, 1450.500000
-51.626000, 51.993000, -92.934000, 1426.000000
-51.651000, 51.991000, -93.163000, 1432.000000
-51.690000, 51.989000, -93.392000, 1432.000000
-51.718000, 51.987000, -93.449000, 1441.500000
-51.746000, 51.986000, -93.507000, 1441.500000
-51.780000, 51.983000, -93.564000, 1352.000000
-51.794000, 51.983000, -93.621000, 1426.000000
-51.828000, 51.980000, -93.736000, 1426.000000
-51.855000, 51.979000, -93.850000, 1432.000000
-51.910000, 51.975000, -93.965000, 1438.000000
-51.945000, 51.972000, -94.022000, 1435.000000
-51.952000, 51.972000, -94.022000, 1429.000000
-51.995000, 51.969000, -94.080000, 1447.500000
-52.015000, 51.967000, -94.137000, 1525.000000
-52.051000, 51.965000, -94.137000, 1527.500000
-52.072000, 51.963000, -94.194000, 1617.000000
-52.120000, 51.960000, -94.309000, 1694.000000
-52.169000, 51.956000, -94.366000, 1703.500000
-52.231000, 51.951000, -94.538000, 1703.500000
-52.302000, 51.946000, -94.595000, 1706.500000
-52.350000, 51.942000, -94.710000, 1703.500000
-52.434000, 51.935000, -94.882000, 1700.500000
-52.489000, 51.930000, -94.996000, 1700.500000
-52.545000, 51.925000, -95.111000, 1697.000000
-52.607000, 51.919000, -95.226000, 1697.000000
-52.670000, 51.914000, -95.340000, 1700.500000
-52.733000, 51.908000, -95.397000, 1644.500000
-52.819000, 51.899000, -95.397000, 1650.500000
-52.850000, 51.897000, -95.283000, 1650.500000
-52.871000, 51.895000, -95.283000, 1644.500000
-52.891000, 51.893000, -95.397000, 1641.500000
-52.898000, 51.892000, -95.397000, 1635.500000
-52.898000, 51.892000, -95.397000, 1641.500000
-52.905000, 51.891000, -95.397000, 1650.500000
-52.920000, 51.890000, -95.397000, 1644.500000
-52.920000, 51.890000, -95.397000, 1648.000000
-52.927000, 51.889000, -95.397000, 1727.500000
-52.934000, 51.889000, -95.397000, 1838.500000
-52.955000, 51.887000, -95.455000, 1943.500000
-52.982000, 51.884000, -95.512000, 2066.500000
-53.018000, 51.881000, -95.512000, 2079.000000
-53.061000, 51.876000, -95.512000, 2171.500000
-53.110000, 51.872000, -95.569000, 2402.500000
-53.167000, 51.866000, -95.627000, 2414.500000
-53.232000, 51.860000, -95.569000, 2405.500000
-53.311000, 51.852000, -95.569000, 2507.500000
-53.397000, 51.844000, -95.569000, 2513.500000
-53.498000, 51.834000, -95.512000, 2510.000000
-53.614000, 51.823000, -95.455000, 2528.500000
-53.736000, 51.811000, -95.455000, 2479.000000
-53.908000, 51.795000, -95.455000, 2531.500000
-54.066000, 51.780000, -95.397000, 2507.000000
-54.283000, 51.759000, -95.283000, 2544.500000
-54.472000, 51.742000, -95.168000, 2457.500000
-54.674000, 51.724000, -95.054000, 2504.000000
-54.950000, 51.700000, -94.882000, 2387.000000
-55.188000, 51.680000, -94.767000, 2368.500000
-55.499000, 51.654000, -94.653000, 2146.500000
-55.766000, 51.633000, -94.538000, 2143.500000
-56.012000, 51.613000, -94.423000, 2036.000000
-56.258000, 51.594000, -94.309000, 1931.000000
-56.309000, 51.591000, -94.252000, 1844.500000
-56.315000, 51.590000, -94.309000, 1641.500000
-56.315000, 51.590000, -94.309000, 1635.500000
-56.315000, 51.590000, -94.309000, 1632.500000
-56.315000, 51.590000, -94.309000, 1632.500000
-56.315000, 51.590000, -94.309000, 1635.500000
-56.315000, 51.590000, -94.309000, 1509.000000
-56.315000, 51.590000, -94.309000, 1416.500000
-56.315000, 51.590000, -94.309000, 1293.500000
-56.315000, 51.590000, -94.309000, 1257.000000
-56.315000, 51.590000, -94.309000, 1179.500000
-56.315000, 51.590000, -94.309000, 967.000000
-56.315000, 51.590000, -94.309000, 939.500000
-56.315000, 51.590000, -94.309000, 681.000000
-56.042000, 51.611000, -94.366000, -3.000000
-56.048000, 51.610000, -94.423000, 6.000000
-56.034000, 51.611000, -94.366000, 0.000000
-56.034000, 51.612000, -94.423000, 0.000000
-56.012000, 51.613000, -94.423000, -3.000000
-56.005000, 51.614000, -94.423000, 0.000000
-56.005000, 51.614000, -94.423000, -3.000000
-55.693000, 51.640000, -95.054000, -1170.000000
-55.472000, 51.660000, -94.996000, -1543.000000
-55.357000, 51.670000, -94.996000, -1795.500000
-55.233000, 51.681000, -95.111000, -2430.000000
-54.952000, 51.706000, -95.226000, -3428.000000
-54.633000, 51.736000, -95.397000, -3693.000000
-54.257000, 51.772000, -95.627000, -3739.000000
-53.671000, 51.831000, -95.970000, -3739.000000
-53.151000, 51.887000, -96.257000, -3554.000000
-52.639000, 51.944000, -96.486000, -2991.000000
-52.078000, 52.009000, -96.715000, -1654.000000
-51.712000, 52.052000, -96.773000, -1232.000000
-51.460000, 52.082000, -96.887000, -52.000000
-51.116000, 52.124000, -96.944000, -18.000000
-50.916000, 52.149000, -96.944000, -9.000000
-50.780000, 52.165000, -96.944000, -9.000000
-50.724000, 52.172000, -96.887000, 0.000000
-50.730000, 52.171000, -96.944000, -3.000000
-50.730000, 52.171000, -96.944000, 0.000000
-50.730000, 52.171000, -96.944000, 0.000000
-50.730000, 52.171000, -96.944000, -3.000000
-50.730000, 52.171000, -96.944000, 0.000000
-50.730000, 52.171000, -96.944000, 0.000000
-50.694000, 52.176000, -96.944000, -924.000000
-50.559000, 52.192000, -96.944000, -933.000000
-50.480000, 52.202000, -96.944000, -942.000000
-50.465000, 52.204000, -97.002000, -933.000000
-50.400000, 52.212000, -97.002000, -1133.500000
-50.357000, 52.217000, -97.002000, -1256.500000
-50.315000, 52.222000, -97.002000, -1253.500000
-50.249000, 52.230000, -97.059000, -1250.500000
-50.178000, 52.239000, -97.059000, -1263.000000
-50.098000, 52.249000, -97.116000, -1262.500000
-50.027000, 52.258000, -97.116000, -1256.500000
-49.947000, 52.268000, -97.174000, -1256.500000
-49.833000, 52.282000, -97.174000, -1272.000000
-49.755000, 52.292000, -97.174000, -1265.500000
-49.641000, 52.306000, -97.116000, -1262.500000
-49.542000, 52.319000, -97.059000, -1364.500000
-49.428000, 52.333000, -97.059000, -1420.000000
-49.270000, 52.353000, -97.116000, -1383.000000
-49.154000, 52.367000, -97.174000, -1453.500000
-48.961000, 52.392000, -97.231000, -1506.000000
-48.810000, 52.411000, -97.288000, -1512.000000
-48.653000, 52.431000, -97.288000, -1401.500000
-48.487000, 52.452000, -97.346000, -1287.500000
-48.358000, 52.469000, -97.403000, -1010.000000
-48.264000, 52.481000, -97.460000, -6.000000
-48.264000, 52.481000, -97.460000, 0.000000
-48.257000, 52.482000, -97.460000, -3.000000
-48.207000, 52.488000, -97.460000, -3.000000
-48.200000, 52.489000, -97.460000, 3.000000
-48.193000, 52.490000, -97.460000, -3.000000
-48.193000, 52.490000, -97.460000, -3.000000
-48.186000, 52.491000, -97.460000, -924.000000
-47.950000, 52.522000, -97.460000, -1275.000000
-47.886000, 52.531000, -97.460000, -1358.500000
-47.800000, 52.542000, -97.460000, -1361.500000
-47.721000, 52.552000, -97.517000, -1380.000000
-47.592000, 52.569000, -97.517000, -1380.000000
-47.470000, 52.585000, -97.575000, -1374.000000
-47.299000, 52.608000, -97.575000, -1373.500000
-47.169000, 52.625000, -97.632000, -1389.000000
-47.041000, 52.643000, -97.632000, -1380.000000
-46.847000, 52.669000, -97.689000, -1389.000000
-46.711000, 52.687000, -97.747000, -1386.000000
-46.554000, 52.708000, -97.747000, -1302.500000
-46.375000, 52.733000, -97.804000, -1389.000000
-46.204000, 52.756000, -97.747000, -1401.500000
-46.046000, 52.778000, -97.804000, -1398.500000
-45.839000, 52.806000, -97.861000, -1358.000000
-45.674000, 52.829000, -97.918000, -1299.500000
-45.523000, 52.850000, -97.976000, -1296.500000
-45.316000, 52.879000, -97.976000, -1299.500000
-45.165000, 52.901000, -98.090000, -1300.000000
-45.001000, 52.924000, -98.090000, -1296.500000
-44.787000, 52.954000, -98.090000, -1290.500000
-44.651000, 52.974000, -98.148000, -1306.000000
-44.472000, 53.000000, -98.205000, -1309.000000
-44.286000, 53.026000, -98.205000, -1207.500000
-44.115000, 53.051000, -98.205000, -942.500000
-43.811000, 53.096000, -98.491000, -12.000000
-41.308000, 56.027000, -178.247000, 9.000000
-41.312000, 55.902000, -178.133000, 945.500000
-41.318000, 55.737000, -178.133000, 945.500000
-41.320000, 55.678000, -178.018000, 927.000000
-41.321000, 55.647000, -177.903000, 921.000000
-41.322000, 55.611000, -177.903000, 1019.500000
-41.323000, 55.589000, -177.903000, 1019.500000
-41.324000, 55.561000, -177.903000, 1013.500000
-41.325000, 55.538000, -177.846000, 1019.500000
-41.326000, 55.509000, -177.846000, 1016.500000
-41.327000, 55.480000, -177.846000, 1013.500000
-41.327000, 55.466000, -177.846000, 1022.500000
-41.329000, 55.430000, -177.846000, 1105.500000
-41.330000, 55.394000, -177.846000, 1167.500000
-41.330000, 55.386000, -177.789000, 1133.500000
-41.332000, 55.343000, -177.789000, 1238.000000
-41.333000, 55.307000, -177.789000, 1250.500000
-41.335000, 55.265000, -177.846000, 1244.500000
-41.337000, 55.214000, -177.846000, 1247.500000
-41.339000, 55.157000, -177.846000, 1250.500000
-41.341000, 55.114000, -177.846000, 1361.500000
-41.343000, 55.063000, -177.846000, 1361.500000
-41.345000, 54.991000, -177.846000, 1453.500000
-41.348000, 54.919000, -177.846000, 1450.500000
-41.350000, 54.869000, -177.846000, 1475.500000
-41.354000, 54.761000, -177.846000, 1484.500000
-41.357000, 54.682000, -177.846000, 1463.000000
-41.361000, 54.567000, -177.846000, 1617.000000
-41.365000, 54.465000, -177.789000, 1515.000000
-41.369000, 54.357000, -177.789000, 1466.500000
-41.373000, 54.271000, -177.789000, 1614.000000
-41.379000, 54.105000, -177.789000, 1524.500000
-41.384000, 53.990000, -177.789000, 1469.500000
-41.389000, 53.854000, -177.789000, 1607.500000
-41.396000, 53.674000, -177.789000, 1484.500000
-41.401000, 53.537000, -177.789000, 1475.500000
-41.407000, 53.378000, -177.732000, 1604.500000
-41.415000, 53.189000, -177.617000, 1484.500000
-41.421000, 53.058000, -177.502000, 1509.000000
-41.426000, 52.926000, -177.388000, 1466.000000
-41.435000, 52.738000, -177.330000, 1558.000000
-41.442000, 52.587000, -177.330000, 1515.000000
-41.449000, 52.443000, -177.330000, 1558.500000
-41.457000, 52.277000, -177.273000, 1509.000000
-41.465000, 52.104000, -177.273000, 1506.000000
-41.473000, 51.938000, -177.216000, 1475.500000
-41.480000, 51.794000, -177.216000, 1469.500000
-41.487000, 51.642000, -177.159000, 1469.500000
-41.496000, 51.476000, -177.101000, 1503.000000
-41.502000, 51.347000, -177.101000, 1472.500000
-41.512000, 51.160000, -177.101000, 1620.500000
-41.519000, 51.015000, -177.044000, 1500.000000
-41.526000, 50.878000, -177.044000, 1478.500000
-41.536000, 50.683000, -176.987000, 1472.500000
-41.544000, 50.533000, -177.044000, 1506.000000
-41.554000, 50.339000, -177.044000, 1478.500000
-41.562000, 50.187000, -176.987000, 1632.500000
-41.570000, 50.028000, -176.929000, 1518.500000
-41.581000, 49.833000, -176.872000, 1623.500000
-41.588000, 49.703000, -176.815000, 1515.000000
-41.598000, 49.516000, -176.815000, 1620.000000
-41.607000, 49.364000, -176.757000, 1506.000000
-41.615000, 49.220000, -176.757000, 1617.000000
-41.626000, 49.019000, -176.757000, 1601.500000
-41.635000, 48.861000, -176.757000, 1475.500000
-41.646000, 48.673000, -176.700000, 1518.500000
-41.655000, 48.514000, -176.643000, 1497.000000
-41.664000, 48.369000, -176.586000, 1475.500000
-41.675000, 48.189000, -176.586000, 1497.000000
-41.683000, 48.059000, -176.528000, 1478.500000
-41.693000, 47.886000, -176.471000, 1506.000000
-41.702000, 47.747000, -176.356000, 1475.500000
-41.711000, 47.610000, -176.299000, 1472.500000
-41.722000, 47.430000, -176.299000, 1506.000000
-41.731000, 47.293000, -176.242000, 1478.500000
-41.743000, 47.112000, -176.185000, 1503.000000
-41.753000, 46.960000, -176.127000, 1475.500000
-41.762000, 46.824000, -176.127000, 1481.500000
-41.774000, 46.652000, -176.127000, 1500.000000
-41.783000, 46.515000, -176.127000, 1472.500000
-41.795000, 46.350000, -176.127000, 1463.000000
-41.803000, 46.221000, -176.127000, 1500.000000
-41.814000, 46.055000, -176.127000, 1466.500000
-41.823000, 45.926000, -176.127000, 1466.000000
-41.833000, 45.781000, -176.070000, 1478.500000
-41.842000, 45.651000, -176.013000, 1472.500000
-41.852000, 45.514000, -175.955000, 1503.000000
-41.862000, 45.370000, -175.955000, 1472.500000
-41.871000, 45.247000, -175.898000, 1475.500000
-41.880000, 45.111000, -175.898000, 1472.500000
-41.889000, 44.989000, -175.898000, 1500.000000
-41.901000, 44.823000, -175.841000, 1475.500000
-41.911000, 44.686000, -175.841000, 1503.000000
-41.921000, 44.550000, -175.841000, 1503.000000
-41.935000, 44.363000, -175.841000, 1503.000000
-41.943000, 44.246000, -175.726000, 1472.500000
-41.953000, 44.123000, -175.669000, 1463.000000
-41.963000, 43.992000, -175.554000, 1500.000000
-41.972000, 43.870000, -175.554000, 1469.500000
-41.982000, 43.742000, -175.612000, 1478.500000
-41.993000, 43.599000, -175.669000, 1469.500000
-42.003000, 43.470000, -175.669000, 1475.500000
-42.013000, 43.340000, -175.612000, 1475.500000
-42.024000, 43.188000, -175.554000, 1475.500000
-42.034000, 43.065000, -175.497000, 1466.000000
-42.044000, 42.936000, -175.497000, 1475.500000
-42.056000, 42.792000, -175.497000, 1469.000000
-42.066000, 42.663000, -175.497000, 1469.500000
-42.075000, 42.548000, -175.497000, 1472.500000
-42.087000, 42.390000, -175.440000, 1503.000000
-42.097000, 42.268000, -175.440000, 1509.000000
-42.109000, 42.124000, -175.440000, 1469.500000
-42.120000, 41.987000, -175.382000, 1463.000000
-42.130000, 41.864000, -175.325000, 1475.500000
-42.140000, 41.735000, -175.325000, 1469.500000
-42.154000, 41.569000, -175.268000, 1469.000000
-42.165000, 41.433000, -175.325000, 1500.000000
-42.178000, 41.275000, -175.325000, 1478.500000
-42.188000, 41.153000, -175.268000, 1475.500000
-42.198000, 41.030000, -175.211000, 1472.500000
-42.212000, 40.864000, -175.153000, 1466.000000
-42.224000, 40.720000, -175.153000, 1497.000000
-42.237000, 40.570000, -175.153000, 1386.000000
-42.248000, 40.447000, -175.096000, 1373.500000
-42.259000, 40.318000, -175.096000, 1472.500000
-42.273000, 40.145000, -175.096000, 1509.000000
-42.285000, 40.016000, -175.096000, 1506.000000
-42.299000, 39.844000, -175.096000, 1398.500000
-42.311000, 39.707000, -175.039000, 1376.500000
-42.324000, 39.563000, -175.039000, 1373.500000
-42.335000, 39.433000, -174.981000, 1441.500000
-42.342000, 39.349000, -175.096000, 1447.500000
-42.354000, 39.210000, -175.382000, 1460.000000
-42.364000, 39.073000, -175.726000, 1420.000000
-42.377000, 38.899000, -176.070000, 1475.500000
-42.390000, 38.691000, -176.528000, 1337.000000
-42.400000, 38.519000, -176.987000, 1441.500000
-42.410000, 38.313000, -177.617000, 1392.000000
-42.416000, 38.150000, -178.190000, 1401.500000
-42.420000, 38.001000, -178.763000, 1404.500000
-42.423000, 37.806000, -179.565000, 1383.000000
-42.423000, 37.664000, -180.138000, 1352.000000
-42.421000, 37.468000, -180.883000, 1361.000000
-42.418000, 37.298000, -181.513000, 1395.000000
-42.412000, 37.130000, -182.201000, 1315.000000
-42.407000, 36.994000, -182.716000, 1389.000000
-42.400000, 36.866000, -183.232000, 1361.000000
-42.388000, 36.676000, -183.919000, 1386.000000
-42.379000, 36.549000, -184.435000, 1383.000000
-42.368000, 36.414000, -184.951000, 1383.000000
-42.355000, 36.272000, -185.524000, 1333.500000
-42.342000, 36.145000, -186.039000, 1330.500000
-42.315000, 35.901000, -186.440000, 1355.500000
-42.287000, 35.656000, -186.784000, 1306.000000
-42.272000, 35.533000, -187.128000, 1278.000000
-42.250000, 35.364000, -187.243000, 1262.500000
-42.238000, 35.262000, -187.128000, 1268.500000
-42.226000, 35.167000, -187.013000, 1275.000000
-42.213000, 35.060000, -187.013000, 1265.500000
-42.199000, 34.952000, -186.956000, 1263.000000
-42.189000, 34.866000, -186.956000, 1265.500000
-42.177000, 34.766000, -186.956000, 1272.000000
-42.161000, 34.637000, -186.956000, 1278.000000
-42.149000, 34.537000, -186.956000, 1269.000000
-42.137000, 34.437000, -186.956000, 1358.500000
-42.123000, 34.322000, -186.899000, 1272.000000
-42.111000, 34.222000, -186.899000, 1272.000000
-42.098000, 34.122000, -186.899000, 1275.000000
-42.082000, 33.987000, -186.956000, 1275.000000
-42.069000, 33.880000, -186.956000, 1275.000000
-42.051000, 33.731000, -187.013000, 1272.000000
-42.038000, 33.623000, -186.956000, 1343.000000
-42.025000, 33.522000, -186.899000, 1293.500000
-42.007000, 33.370000, -186.784000, 1281.500000
-41.993000, 33.254000, -186.727000, 1293.500000
-41.978000, 33.125000, -186.670000, 1287.500000
-41.966000, 33.025000, -186.670000, 1262.500000
-41.954000, 32.917000, -186.670000, 1256.500000
-41.941000, 32.809000, -186.612000, 1269.000000
-41.930000, 32.709000, -186.612000, 1272.000000
-41.916000, 32.586000, -186.555000, 1256.500000
-41.904000, 32.487000, -186.612000, 1364.500000
-41.892000, 32.387000, -186.612000, 1315.500000
-41.874000, 32.231000, -186.670000, 1380.000000
-41.863000, 32.137000, -186.612000, 1379.500000
-41.846000, 31.986000, -186.555000, 1469.500000
-41.831000, 31.856000, -186.498000, 1623.500000
-41.816000, 31.726000, -186.440000, 1478.500000
-41.795000, 31.533000, -186.440000, 1478.500000
-41.777000, 31.377000, -186.498000, 1506.000000
-41.754000, 31.175000, -186.440000, 1506.000000
-41.735000, 31.010000, -186.383000, 1506.000000
-41.716000, 30.838000, -186.383000, 1518.000000
-41.692000, 30.623000, -186.326000, 1481.500000
-41.673000, 30.451000, -186.326000, 1515.000000
-41.647000, 30.213000, -186.211000, 1509.000000
-41.627000, 30.027000, -186.211000, 1512.000000
-41.607000, 29.848000, -186.211000, 1515.000000
-41.585000, 29.639000, -186.154000, 1509.000000
-41.566000, 29.467000, -186.154000, 1503.000000
-41.543000, 29.253000, -186.154000, 1528.000000
-41.523000, 29.066000, -186.097000, 1509.000000
-41.505000, 28.893000, -186.039000, 1518.000000
-41.482000, 28.678000, -186.039000, 1512.000000
-41.464000, 28.505000, -185.982000, 1472.500000
-41.440000, 28.275000, -185.925000, 1512.000000
-41.423000, 28.110000, -185.868000, 1478.500000
-41.404000, 27.931000, -185.868000, 1509.000000
-41.381000, 27.709000, -185.868000, 1512.000000
-41.360000, 27.500000, -185.810000, 1506.000000
-41.343000, 27.328000, -185.810000, 1506.000000
-41.326000, 27.162000, -185.753000, 1518.500000
-41.304000, 26.947000, -185.753000, 1478.500000
-41.288000, 26.782000, -185.696000, 1601.500000
-41.268000, 26.589000, -185.753000, 1521.500000
-41.247000, 26.381000, -185.696000, 1512.000000
-41.229000, 26.194000, -185.696000, 1521.500000
-41.210000, 26.008000, -185.696000, 1518.500000
-41.187000, 25.772000, -185.696000, 1629.500000
-41.169000, 25.592000, -185.638000, 1647.500000
-41.150000, 25.398000, -185.638000, 1641.500000
-41.124000, 25.140000, -185.638000, 1644.500000
-41.104000, 24.933000, -185.696000, 1644.500000
-41.084000, 24.732000, -185.638000, 1638.500000
-41.058000, 24.467000, -185.638000, 1641.500000
-41.040000, 24.287000, -185.581000, 1638.500000
-41.021000, 24.092000, -185.524000, 1644.500000
-40.997000, 23.847000, -185.409000, 1641.500000
-40.979000, 23.653000, -185.409000, 1638.500000
-40.961000, 23.460000, -185.409000, 1629.500000
-40.937000, 23.208000, -185.352000, 1638.500000
-40.920000, 23.029000, -185.352000, 1629.500000
-40.903000, 22.842000, -185.352000, 1641.500000
-40.879000, 22.591000, -185.352000, 1647.500000
-40.861000, 22.391000, -185.352000, 1638.500000
-40.837000, 22.139000, -185.295000, 1657.000000
-40.819000, 21.938000, -185.295000, 1540.000000
-40.802000, 21.758000, -185.237000, 1623.500000
-40.778000, 21.494000, -185.295000, 1641.500000
-40.761000, 21.314000, -185.295000, 1577.000000
-40.737000, 21.056000, -185.295000, 1623.000000
-40.721000, 20.884000, -185.295000, 1638.500000
-40.702000, 20.676000, -185.295000, 1629.500000
-40.679000, 20.425000, -185.295000, 1632.500000
-40.662000, 20.245000, -185.237000, 1592.000000
-40.640000, 20.001000, -185.180000, 1635.500000
-40.623000, 19.813000, -185.123000, 1638.500000
-40.607000, 19.634000, -185.123000, 1586.000000
-40.587000, 19.411000, -185.065000, 1610.500000
-40.569000, 19.210000, -185.065000, 1632.500000
-40.547000, 18.958000, -185.008000, 1666.000000
-40.528000, 18.742000, -184.951000, 1697.000000
-40.509000, 18.519000, -184.893000, 1657.000000
-40.486000, 18.253000, -184.893000, 1598.500000
-40.469000, 18.051000, -184.836000, 1635.500000
-40.445000, 17.764000, -184.836000, 1632.500000
-40.425000, 17.535000, -184.836000, 1712.500000
-40.405000, 17.297000, -184.779000, 1700.500000
-40.382000, 17.024000, -184.779000, 1601.500000
-40.363000, 16.787000, -184.722000, 1660.500000
-40.338000, 16.494000, -184.779000, 1611.000000
-40.321000, 16.285000, -184.722000, 1478.500000
-40.307000, 16.112000, -184.722000, 1472.500000
-40.286000, 15.861000, -184.722000, 1534.000000
-40.271000, 15.674000, -184.664000, 1573.500000
-40.252000, 15.451000, -184.664000, 1444.500000
-40.239000, 15.286000, -184.664000, 1435.500000
-40.226000, 15.128000, -184.664000, 1416.500000
-40.209000, 14.921000, -184.722000, 1374.000000
-40.197000, 14.771000, -184.722000, 1330.500000
-40.181000, 14.583000, -184.664000, 1330.500000
-40.168000, 14.425000, -184.664000, 1336.500000
-40.152000, 14.226000, -184.779000, 1268.500000
-40.142000, 14.111000, -184.779000, 1327.500000
-40.134000, 14.009000, -184.664000, 1321.500000
-40.126000, 13.904000, -184.378000, 1266.000000
-40.115000, 13.769000, -184.492000, 1284.500000
-40.105000, 13.635000, -184.607000, 1423.000000
-40.094000, 13.498000, -184.550000, 1586.000000
-40.082000, 13.352000, -184.435000, 1617.000000
-40.072000, 13.216000, -184.435000, 1623.500000
-40.057000, 13.022000, -184.435000, 1795.500000
-40.043000, 12.850000, -184.435000, 1832.500000
-40.029000, 12.662000, -184.378000, 1826.500000
-40.010000, 12.417000, -184.321000, 1949.500000
-39.995000, 12.223000, -184.321000, 1863.500000
-39.979000, 12.008000, -184.321000, 1829.500000
-39.959000, 11.741000, -184.263000, 1839.000000
-39.942000, 11.519000, -184.263000, 1838.500000
-39.925000, 11.288000, -184.206000, 1968.000000
-39.904000, 10.999000, -184.091000, 1841.500000
-39.887000, 10.761000, -184.034000, 1851.000000
-39.871000, 10.523000, -183.977000, 1885.000000
-39.851000, 10.234000, -183.862000, 1879.000000
-39.834000, 9.982000, -183.862000, 1857.500000
-39.818000, 9.745000, -183.862000, 1900.000000
-39.796000, 9.422000, -183.862000, 1860.500000
-39.780000, 9.178000, -183.862000, 1854.500000
-39.762000, 8.912000, -183.862000, 1968.500000
-39.739000, 8.567000, -183.862000, 1881.500000
-39.720000, 8.293000, -183.805000, 1918.500000
-39.701000, 7.997000, -183.690000, 1956.000000
-39.679000, 7.649000, -183.518000, 1918.500000
-39.663000, 7.375000, -183.461000, 1838.500000
-39.643000, 7.043000, -183.347000, 1866.000000
-39.627000, 6.770000, -183.347000, 1863.500000
-39.611000, 6.494000, -183.175000, 1866.500000
-39.592000, 6.156000, -183.175000, 1913.000000
-39.578000, 5.897000, -183.175000, 1885.000000
-39.559000, 5.558000, -183.117000, 1912.500000
-39.543000, 5.262000, -183.060000, 1922.000000
-39.528000, 4.967000, -183.003000, 1947.000000
-39.511000, 4.642000, -182.945000, 1669.500000
-39.498000, 4.392000, -183.003000, 1641.500000
-39.480000, 4.062000, -183.060000, 1601.500000
-39.467000, 3.809000, -183.003000, 1598.500000
-39.455000, 3.586000, -183.003000, 1561.500000
-39.442000, 3.327000, -183.003000, 1130.500000
-39.432000, 3.149000, -183.060000, 1069.000000
-39.415000, 2.837000, -183.347000, 0.000000
-39.780000, 2.263000, -53.743000, -27.500000
-39.621000, 2.135000, -49.561000, 797.500000
-39.726000, 2.225000, -49.504000, 1102.500000
-39.829000, 2.313000, -49.561000, 1244.000000
-39.873000, 2.351000, -49.504000, 1586.500000
-39.950000, 2.416000, -49.504000, 1814.000000
-40.043000, 2.496000, -49.504000, 2042.000000
-40.196000, 2.627000, -49.504000, 2094.500000
-40.339000, 2.748000, -49.504000, 2214.500000
-40.514000, 2.898000, -49.504000, 2371.500000
-40.750000, 3.100000, -49.446000, 2347.000000
-40.969000, 3.287000, -49.446000, 2334.500000
-41.237000, 3.516000, -49.446000, 2387.000000
-41.567000, 3.799000, -49.274000, 2380.500000
-41.830000, 4.026000, -49.160000, 2393.500000
-42.173000, 4.323000, -49.160000, 2399.500000
-42.462000, 4.573000, -49.102000, 2387.000000
-42.756000, 4.828000, -49.102000, 2387.000000
-43.122000, 5.144000, -49.045000, 2362.500000
-43.426000, 5.408000, -49.045000, 2374.500000
-43.796000, 5.730000, -48.988000, 2134.500000
-44.074000, 5.972000, -48.931000, 1654.000000
-44.307000, 6.175000, -48.931000, 1256.500000
-45.030000, 6.804000, -49.332000, -55.000000
-45.487000, 7.067000, 14.209000, -9.000000
-45.587000, 6.755000, 20.512000, -582.000000
-45.602000, 6.714000, 20.455000, -976.500000
-45.607000, 6.700000, 20.455000, -1176.500000
-45.635000, 6.626000, 20.455000, -1632.500000
-45.655000, 6.572000, 20.455000, -1949.500000
-45.693000, 6.471000, 20.455000, -2082.000000
-45.743000, 6.336000, 20.455000, -2091.500000
-45.783000, 6.228000, 20.455000, -2085.000000
-45.826000, 6.114000, 20.455000, -2088.500000
-45.879000, 5.970000, 20.340000, -2097.500000
-45.932000, 5.827000, 20.283000, -2094.500000
-45.980000, 5.698000, 20.225000, -2100.500000
-46.047000, 5.515000, 20.168000, -2091.500000
-46.105000, 5.358000, 20.111000, -2100.500000
-46.164000, 5.195000, 20.054000, -2189.500000
-46.246000, 4.970000, 19.939000, -2186.500000
-46.308000, 4.801000, 19.939000, -2109.500000
-46.377000, 4.611000, 19.882000, -2205.500000
-46.463000, 4.373000, 19.824000, -2202.500000
-46.524000, 4.203000, 19.767000, -2109.500000
-46.590000, 4.019000, 19.710000, -2103.500000
-46.678000, 3.773000, 19.595000, -2116.000000
-46.746000, 3.582000, 19.538000, -2109.500000
-46.814000, 3.391000, 19.481000, -2106.500000
-46.898000, 3.153000, 19.423000, -2184.000000
-46.963000, 2.968000, 19.309000, -2110.000000
-47.030000, 2.776000, 19.194000, -2107.000000
-47.113000, 2.537000, 19.137000, -2109.500000
-47.179000, 2.346000, 19.137000, -1909.500000
-47.231000, 2.196000, 19.079000, -1410.500000
-47.254000, 2.129000, 18.736000, -853.000000
-47.249000, 2.145000, 18.449000, -12.000000
-47.247000, 2.151000, 18.392000, -3.000000
-47.242000, 2.165000, 18.392000, -3.000000
-47.244000, 2.159000, 18.449000, -3.000000
-47.244000, 2.159000, 18.449000, 3.000000
-47.244000, 2.159000, 18.449000, 3.000000
-47.244000, 2.159000, 18.449000, 0.000000
-47.244000, 2.159000, 18.449000, 3.000000
-47.242000, 2.165000, 18.392000, 3.000000
-47.242000, 2.165000, 18.392000, 0.000000
-47.218000, 2.240000, 18.392000, 930.000000
-47.151000, 2.439000, 18.449000, 973.000000
-47.133000, 2.493000, 18.449000, 958.000000
-47.114000, 2.549000, 18.507000, 1053.500000
-47.089000, 2.624000, 18.507000, 1069.000000
-47.066000, 2.692000, 18.507000, 1059.500000
-47.034000, 2.788000, 18.507000, 1062.500000
-47.009000, 2.863000, 18.507000, 979.500000
-46.980000, 2.952000, 18.507000, 964.000000
-46.954000, 3.027000, 18.507000, 1032.000000
-46.938000, 3.075000, 18.507000, 1059.500000
-46.911000, 3.156000, 18.507000, 964.000000
-46.884000, 3.238000, 18.507000, 1056.500000
-46.856000, 3.320000, 18.507000, 1063.000000
-46.838000, 3.375000, 18.507000, 967.500000
-46.802000, 3.483000, 18.449000, 1065.500000
-46.781000, 3.545000, 18.449000, 1062.500000
-46.758000, 3.614000, 18.507000, 976.000000
-46.723000, 3.717000, 18.564000, 988.500000
-46.703000, 3.780000, 18.621000, 1062.500000
-46.679000, 3.849000, 18.678000, 970.000000
-46.647000, 3.945000, 18.736000, 1062.500000
-46.621000, 4.021000, 18.793000, 967.000000
-46.595000, 4.097000, 18.850000, 976.500000
-46.558000, 4.206000, 18.850000, 1025.500000
-46.530000, 4.288000, 18.850000, 1044.000000
-46.502000, 4.369000, 18.850000, 1069.000000
-46.467000, 4.472000, 18.908000, 976.000000
-46.436000, 4.562000, 18.965000, 982.500000
-46.410000, 4.638000, 19.022000, 967.000000
-46.370000, 4.754000, 19.079000, 1075.000000
-46.342000, 4.836000, 19.079000, 1072.000000
-46.308000, 4.932000, 19.137000, 982.500000
-46.268000, 5.048000, 19.194000, 1084.500000
-46.234000, 5.145000, 19.251000, 1075.000000
-46.198000, 5.247000, 19.309000, 982.500000
-46.155000, 5.371000, 19.366000, 985.500000
-46.143000, 5.405000, 19.366000, 18.000000
-46.139000, 5.416000, 19.251000, -3.000000
-46.139000, 5.416000, 19.251000, 0.000000
-46.139000, 5.416000, 19.251000, 0.000000
-46.139000, 5.416000, 19.251000, 3.000000
-46.139000, 5.416000, 19.251000, 0
endData