0.000000, 0.000000, 0.000000, -3.000000
0.000000, 0.000000, 0.000000, 3.000000
0.000000, 0.000000, 0.000000, 3.000000
0.000000, 0.000000, 0.000000, 3.000000
0.000000, 0.000000, 0.000000, 3.000000
0.000000, 0.000000, 0.000000, 3.000000
0.000000, 0.000000, 0.000000, 3.000000
0.000000, 0.000000, 0.000000, 3.000000
0.000000, 0.000000, 0.000000, 3.000000
0.000000, 0.000000, 0.000000, 0.000000
0.000000, 0.000000, 0.000000, 6.000000
0.000000, 0.000000, 0.000000, 6.000000
0.000000, 0.000000, 0.000000, 6.000000
0.000000, 0.000000, 0.000000, 0.000000
0.000000, 0.000000, 0.000000, 6.000000
0.000000, 0.000000, 0.000000, 3.000000
0.000000, 0.000000, 0.000000, 3.000000
0.000000, 0.000000, 0.000000, 3.000000
0.000000, 0.000000, 0.000000, 3.000000
0.000000, 0.000000, 0.000000, 0.000000
0.000000, 0.000000, 0.000000, 0.000000
0.000000, 0.000000, 0.000000, 6.000000
0.000000, 0.000000, 0.000000, 3.000000
0.000000, 0.000000, 0.000000, 3.000000
0.000000, 0.000000, 0.000000, 3.000000
0.000000, 0.000000, 0.000000, 3.000000
0.000000, 0.000000, 0.000000, 6.000000
0.000000, 0.000000, 0.000000, 3.000000
0.000000, 0.000000, 0.000000, 3.000000
-0.000000, 0.031000, -0.286000, 27.500000
-0.000000, 0.051000, -0.401000, 12.000000
-0.000000, 0.032000, -0.229000, 0.000000
-0.000000, 0.032000, -0.229000, 3.000000
-0.000000, 0.032000, -0.229000, 3.000000
-0.000000, 0.032000, -0.229000, 3.000000
-0.000000, 0.032000, -0.229000, 3.000000
-0.000000, 0.019000, -0.172000, 0.000000
-0.000000, -0.000000, -0.000000, 3.000000
-0.000000, 0.020000, -0.115000, 3.000000
0.000000, -0.022000, -0.000000, -187.500000
0.000000, -0.129000, 0.057000, 18.500000
0.000000, -0.109000, -0.057000, 6.000000
0.000000, -0.102000, -0.057000, 9.000000
0.000000, -0.108000, -0.000000, 6.000000
0.000000, -0.108000, -0.000000, 3.000000
0.000000, -0.108000, -0.000000, 3.000000
0.000000, -0.108000, -0.000000, 0.000000
0.000000, -0.108000, -0.000000, 3.000000
0.000000, -0.108000, -0.000000, 3.000000
0.000000, -0.108000, -0.000000, 3.000000
0.000000, -0.108000, -0.000000, 3.000000
0.000000, -0.108000, -0.000000, 3.000000
0.000000, -0.151000, -0.000000, -936.500000
0.000000, -0.267000, -0.057000, -1019.500000
0.000000, -0.425000, -0.000000, -1469.000000
0.001000, -0.709000, -0.229000, -2051.000000
0.005000, -1.154000, -0.974000, -2242.000000
0.018000, -1.764000, -1.318000, -2304.000000
0.027000, -2.768000, 0.630000, -2199.000000
-0.002000, -3.680000, 2.922000, -2338.000000
-0.074000, -4.671000, 5.500000, -2162.000000
-0.217000, -5.797000, 9.110000, -2313.000000
-0.425000, -6.841000, 13.522000, -2377.500000
-0.886000, -8.331000, 21.028000, -2368.500000
-1.411000, -9.490000, 28.018000, -2208.500000
-2.049000, -10.535000, 34.893000, -2245.000000
-2.743000, -11.421000, 41.253000, -2202.500000
-3.534000, -12.223000, 47.957000, -2211.500000
-4.483000, -12.979000, 55.061000, -2192.500000
-5.444000, -13.571000, 61.650000, -2282.000000
-6.679000, -14.162000, 66.750000, -2328.500000
-7.915000, -14.666000, 68.354000, -2152.500000
-8.944000, -15.073000, 68.468000, -2239.500000
-10.050000, -15.509000, 68.411000, -2362.500000
-11.049000, -15.906000, 68.239000, -2242.500000
-12.065000, -16.311000, 68.297000, -2162.500000
-13.083000, -16.717000, 68.182000, -2224.000000
-14.118000, -17.134000, 67.781000, -2196.000000
-15.308000, -17.643000, 65.260000, -2208.500000
-16.096000, -18.043000, 60.562000, -2150.000000
-16.988000, -18.625000, 53.170000, -2267.000000
-17.652000, -19.170000, 48.243000, -2180.500000
-18.242000, -19.732000, 45.092000, -1515.000000
-18.592000, -20.084000, 44.691000, -262.000000
-18.778000, -20.271000, 44.863000, -182.000000
-18.823000, -20.316000, 44.920000, 40.000000
-18.814000, -20.307000, 44.805000, 3.000000
-18.801000, -20.294000, 44.633000, 3.000000
-18.814000, -20.307000, 44.805000, 3.000000
-18.805000, -20.298000, 44.691000, 0.000000
-18.805000, -20.298000, 44.691000, 3.000000
-18.805000, -20.298000, 44.691000, 0.000000
-18.810000, -20.303000, 44.748000, 0.000000
-18.810000, -20.303000, 44.748000, 3.000000
-18.810000, -20.303000, 44.748000, -3.000000
-18.810000, -20.303000, 44.748000, 0.000000
-18.810000, -20.303000, 44.748000, 0.000000
-18.810000, -20.303000, 44.748000, 0.000000
-18.794000, -20.288000, 44.748000, -37.000000
-18.746000, -20.239000, 45.436000, -67.500000
-18.723000, -20.217000, 48.186000, -12.000000
-18.689000, -20.190000, 52.999000, 3.000000
-18.697000, -20.195000, 60.676000, -46.000000
-18.695000, -20.192000, 70.417000, -80.000000
-18.749000, -20.205000, 80.558000, -21.500000
-18.698000, -20.200000, 92.304000, -52.500000
-18.703000, -20.194000, 107.200000, -40.000000
-18.813000, -20.141000, 124.103000, -70.500000
-18.958000, -20.003000, 142.380000, -49.000000
-19.091000, -19.699000, 167.819000, -43.000000
-19.100000, -19.160000, 187.300000, -15.500000
-18.930000, -18.539000, 202.655000, -453.000000
-18.699000, -18.113000, 213.312000, -151.000000
-18.401000, -17.712000, 219.672000, -305.000000
-18.207000, -17.489000, 222.250000, -151.000000
-18.178000, -17.457000, 222.250000, 283.500000
-18.279000, -17.568000, 222.193000, 1130.500000
-18.463000, -17.771000, 222.193000, 1583.000000
-18.729000, -18.065000, 222.193000, 2069.500000
-19.132000, -18.509000, 222.365000, 2125.000000
-19.640000, -19.063000, 222.537000, 2239.500000
-20.186000, -19.658000, 222.594000, 2378.000000
-20.816000, -20.354000, 221.448000, 2344.000000
-21.522000, -21.182000, 219.386000, 2467.500000
-22.188000, -22.032000, 216.750000, 2519.500000
-22.865000, -22.986000, 213.942000, 2676.500000
-23.523000, -24.016000, 211.250000, 2646.000000
-24.155000, -25.109000, 208.786000, 2664.000000
-24.859000, -26.482000, 205.463000, 2661.500000
-25.378000, -27.638000, 202.884000, 2655.000000
-25.849000, -28.820000, 200.593000, 2676.500000
-26.269000, -30.008000, 198.415000, 2704.500000
-26.645000, -31.216000, 196.123000, 2707.500000
-26.975000, -32.455000, 193.602000, 2661.500000
-27.277000, -33.858000, 190.680000, 2710.500000
-27.485000, -35.122000, 188.045000, 2695.000000
-27.633000, -36.356000, 185.753000, 2645.500000
-27.734000, -37.603000, 183.461000, 2639.500000
-27.789000, -39.248000, 180.310000, 2658.000000
-27.769000, -40.525000, 177.846000, 2707.500000
-27.659000, -42.109000, 174.179000, 2701.000000
-27.493000, -43.404000, 171.314000, 2651.500000
-27.241000, -44.788000, 168.049000, 2701.000000
-26.945000, -46.029000, 165.069000, 2692.000000
-26.584000, -47.254000, 162.204000, 2691.500000
-26.121000, -48.571000, 159.168000, 2655.000000
-25.612000, -49.818000, 156.589000, 2664.000000
-25.096000, -50.949000, 154.298000, 1090.500000
-24.698000, -51.751000, 153.094000, 869.000000
-24.426000, -52.281000, 152.579000, 499.000000
-24.201000, -52.714000, 152.464000, 209.500000
-24.164000, -52.784000, 152.464000, -24.500000
-24.171000, -52.771000, 152.464000, 6.000000
-24.171000, -52.771000, 152.464000, 3.000000
-24.171000, -52.771000, 152.464000, 6.000000
-24.171000, -52.771000, 152.464000, 6.000000
-24.171000, -52.771000, 152.464000, -372.500000
-24.224000, -52.669000, 152.464000, -1078.000000
-24.301000, -52.522000, 152.464000, -1232.000000
-24.458000, -52.221000, 152.407000, -1999.000000
-24.661000, -51.832000, 152.407000, -1835.500000
-24.973000, -51.233000, 152.464000, -1848.000000
-25.277000, -50.651000, 152.407000, -1820.500000
-25.613000, -50.007000, 152.464000, -1915.500000
-25.969000, -49.324000, 152.464000, -1882.000000
-26.311000, -48.671000, 152.292000, -1515.000000
-26.581000, -48.156000, 152.407000, -471.000000
-26.786000, -47.762000, 152.521000, -416.000000
-26.911000, -47.521000, 152.636000, -101.500000
-26.912000, -47.520000, 152.579000, 43.000000
-26.912000, -47.520000, 152.579000, 3.000000
-26.912000, -47.520000, 152.579000, 3.000000
-26.912000, -47.520000, 152.579000, 3.000000
-26.912000, -47.520000, 152.579000, 0.000000
-26.912000, -47.520000, 152.579000, 3.000000
-26.912000, -47.520000, 152.579000, -3.000000
-26.912000, -47.520000, 152.579000, 3.000000
-26.898000, -47.546000, 152.579000, -6.500000
-26.875000, -47.590000, 152.980000, -6.000000
-26.850000, -47.640000, 153.782000, -3.000000
-26.829000, -47.684000, 154.985000, 0.000000
-26.817000, -47.712000, 156.819000, -3.000000
-26.786000, -47.788000, 159.168000, -3.500000
-26.756000, -47.876000, 162.605000, 3.000000
-26.735000, -47.949000, 165.871000, 3.500000
-26.746000, -47.896000, 167.819000, -1161.000000
-26.802000, -47.630000, 168.392000, -1872.500000
-26.900000, -47.140000, 169.080000, -2565.500000
-27.026000, -46.451000, 170.226000, -2778.500000
-27.180000, -45.474000, 171.830000, -3224.500000
-27.341000, -44.224000, 173.492000, -3572.500000
-27.495000, -42.603000, 175.612000, -3569.500000
-27.589000, -40.972000, 177.789000, -3705.000000
-27.622000, -39.245000, 180.023000, -3662.000000
-27.584000, -37.418000, 182.258000, -3732.500000
-27.483000, -35.617000, 184.206000, -3782.000000
-27.309000, -33.675000, 185.982000, -3665.000000
-27.079000, -31.600000, 186.440000, -3646.500000
-26.871000, -29.761000, 186.383000, -3730.000000
-26.661000, -27.862000, 186.269000, -3733.000000
-26.458000, -25.983000, 186.039000, -3572.500000
-26.298000, -24.378000, 184.722000, -52.500000
-26.258000, -23.582000, 180.482000, -12.000000
-26.275000, -23.060000, 175.440000, 40.000000
-26.294000, -22.879000, 172.288000, 49.500000
-26.317000, -22.732000, 169.825000, 40.000000
-26.331000, -22.662000, 167.705000, 12.000000
-26.343000, -22.611000, 165.814000, 12.500000
-26.356000, -22.567000, 162.605000, 6.000000
-26.391000, -22.464000, 158.251000, 18.500000
-26.428000, -22.383000, 153.725000, 18.500000
-26.466000, -22.315000, 149.026000, 0.000000
-26.535000, -22.210000, 144.500000, 21.500000
-26.632000, -22.086000, 140.203000, -9.500000
-26.787000, -21.913000, 136.593000, 3.000000
-26.957000, -21.743000, 132.984000, 0.000000
-26.861000, -21.821000, 130.004000, 1352.000000
-26.798000, -21.874000, 130.577000, 2032.500000
-26.546000, -22.094000, 131.265000, 2109.500000
-26.091000, -22.493000, 131.265000, 2233.000000
-25.501000, -23.010000, 131.265000, 2199.000000
-24.845000, -23.586000, 131.379000, 2257.500000
-24.094000, -24.252000, 131.551000, 2217.500000
-23.388000, -24.877000, 131.551000, 2223.500000
-22.655000, -25.526000, 131.551000, 2254.500000
-21.876000, -26.218000, 131.838000, 2279.000000
-21.088000, -26.939000, 133.270000, 2319.000000
-20.315000, -27.695000, 135.562000, 2325.500000
-19.454000, -28.631000, 139.343000, 2319.500000
-18.807000, -29.430000, 142.724000, 2316.000000
-18.180000, -30.305000, 145.990000, 2319.500000
-17.630000, -31.176000, 149.542000, 2291.500000
-17.152000, -32.046000, 152.980000, 2298.000000
-16.723000, -32.928000, 154.813000, 2236.000000
-16.314000, -33.812000, 155.386000, 2143.500000
-15.861000, -34.801000, 155.386000, 2140.500000
-15.471000, -35.653000, 155.443000, 1690.500000
-15.178000, -36.294000, 155.443000, 902.500000
-14.974000, -36.741000, 155.501000, 499.000000
-14.847000, -37.020000, 155.329000, 255.500000
-14.790000, -37.142000, 155.214000, 18.000000
-14.793000, -37.136000, 155.272000, 9.000000
-14.793000, -37.136000, 155.272000, 6.000000
-14.808000, -37.104000, 155.272000, -893.000000
-14.850000, -37.013000, 155.329000, -1413.500000
-14.959000, -36.776000, 155.214000, -1808.000000
-15.101000, -36.470000, 154.871000, -1953.000000
-15.365000, -35.906000, 155.042000, -2014.000000
-15.684000, -35.220000, 155.042000, -2556.500000
-16.107000, -34.319000, 154.469000, -2959.500000
-16.655000, -33.214000, 152.636000, -3015.500000
-17.340000, -31.962000, 149.886000, -2956.500000
-18.154000, -30.658000, 146.162000, -3107.500000
-19.056000, -29.417000, 141.750000, -3144.500000
-20.155000, -28.172000, 135.791000, -3098.500000
-21.301000, -27.099000, 130.520000, -2686.000000
-22.413000, -26.229000, 125.650000, -850.000000
-23.030000, -25.823000, 120.608000, -114.000000
-23.382000, -25.629000, 115.451000, 1025.500000
-23.363000, -25.636000, 112.357000, 1484.500000
-23.147000, -25.720000, 110.237000, 1783.000000
-22.702000, -25.870000, 107.315000, 1891.000000
-22.180000, -26.017000, 103.992000, 1879.000000
-21.560000, -26.150000, 100.096000, 1866.500000
-20.919000, -26.239000, 95.741000, 1937.500000
-19.957000, -26.283000, 89.553000, 2156.000000
-19.160000, -26.245000, 85.142000, 2285.500000
-18.177000, -26.114000, 79.469000, 2220.500000
-17.279000, -25.904000, 74.255000, 2335.000000
-16.208000, -25.540000, 68.297000, 2368.500000
-15.283000, -25.121000, 63.083000, 2331.500000
-14.475000, -24.673000, 58.900000, 2492.000000
-13.628000, -24.116000, 54.488000, 2565.500000
-12.614000, -23.321000, 49.332000, 2550.500000
-11.813000, -22.574000, 44.576000, 2550.500000
-11.005000, -21.675000, 39.362000, 2519.500000
-10.353000, -20.812000, 34.721000, 2553.500000
-9.764000, -19.886000, 30.138000, 2528.500000
-9.062000, -18.506000, 23.720000, 2556.500000
-8.658000, -17.468000, 18.793000, 2544.000000
-8.355000, -16.429000, 13.751000, 2513.500000
-8.137000, -15.338000, 8.824000, 2516.000000
-8.014000, -14.249000, 4.125000, 2553.000000
-7.981000, -13.142000, -0.688000, 2538.000000
-8.044000, -12.000000, -5.500000, 2529.000000
-8.217000, -10.798000, -10.829000, 2556.000000
-8.481000, -9.678000, -15.642000, 2532.000000
-8.916000, -8.354000, -20.168000, 2633.000000
-9.345000, -7.260000, -22.231000, 2605.500000
-9.809000, -6.144000, -22.746000, 2605.500000
-10.274000, -5.032000, -22.575000, 2602.500000
-10.834000, -3.679000, -22.403000, 2618.000000
-11.295000, -2.558000, -22.231000, 2544.500000
-11.713000, -1.532000, -22.288000, 2208.500000
-12.079000, -0.653000, -23.033000, 1971.500000
-12.475000, 0.243000, -24.752000, 1278.500000
-12.815000, 0.958000, -26.070000, 766.500000
-13.080000, 1.491000, -26.643000, 505.000000
-13.214000, 1.759000, -26.814000, 209.500000
-13.252000, 1.834000, -26.929000, 0.000000
-13.246000, 1.822000, -26.872000, -9.000000
-13.246000, 1.822000, -26.872000, 3.000000
-13.246000, 1.822000, -26.872000, 0.000000
-13.246000, 1.822000, -26.872000, 6.000000
-13.246000, 1.822000, -26.872000, 3.000000
-13.246000, 1.822000, -26.872000, 0.000000
-13.246000, 1.822000, -26.872000, 0.000000
-13.246000, 1.822000, -26.872000, 0.000000
-13.246000, 1.822000, -26.872000, 6.000000
-13.246000, 1.822000, -26.872000, 0.000000
-13.246000, 1.822000, -26.872000, 0.000000
-13.244000, 1.816000, -26.814000, 6.000000
-13.246000, 1.822000, -26.872000, 0.000000
-13.246000, 1.822000, -26.872000, 0.000000
-13.244000, 1.816000, -26.814000, -3.000000
-13.244000, 1.816000, -26.814000, 3.000000
endData